result/aspect_output.asc
nrows         236
ncols         218
xllcorner     466515.47101027
yllcorner     2626221.2241437
cellsize      90.0
NODATA_value  -9999.0
[rows 92 to 114 of 236, columns 52 to 103 of 218]
231.34019174590992 135.0 74.40718906073363 78.69006752597977 188.61564818416412 184.11818970398878 158.26318550264298 155.30844183652192 164.6044507460049 196.0735741647464 255.57922687248902 244.04662429763582 125.98067756861832 123.91743053697033 153.28134120297264 162.56720750091563 170.58171758308086 174.87180895814714 179.19307054489764 294.77514056883194 308.9275435927923 306.96834390551624 303.39848846798725 306.32682595212026 296.9276778510405 290.0260890941166 334.6538240580533 100.09750438407531 104.74356283647072 78.69006752597977 82.40535663140855 106.50436138175502 232.27500495788925 244.3589941756947 305.5376777919744 311.02750405924934 315.0 295.08359400619094 261.3136454187634 255.51823067887523 254.9536081678015 236.30993247402023 112.21759426951832 115.6410058243053 159.17910714668918 206.22196677755446 211.86597769360367 75.06858282186246 54.462322208025626 95.71059313749964 111.37062226934319 121.55138494831348
220.87240829748828 204.77514056883192 101.30993247402023 65.13630342824814 103.60973189581222 156.90317808183917 157.2971578767872 163.68614757373945 204.73430252905248 232.52382043863864 250.73070560153118 250.6651914621736 114.59011716619602 100.75096699318803 116.4089322732197 141.67446904711758 205.34617594194668 294.8293465881496 324.35297925009326 311.98721249581666 301.93844891667186 285.05431655960484 272.34413247406985 273.5763343749974 266.6335393365702 257.6446401349165 248.19859051364818 70.20112364547506 21.801409486351815 20.480357311809243 57.26477372789239 69.44395478041653 280.7842978675626 281.0564129802482 307.4605548604907 311.18592516570965 326.8643904512811 350.9285024228228 296.565051177078 249.98123960621604 226.95250904939962 176.8939729043836 153.84322537694703 149.03624346792648 175.6839724801344 230.52754015165618 231.1701750950296 194.03624346792645 109.79887635452494 111.88579201667318 122.9386905429555 130.35202930861297
213.0792614600777 215.4399035191137 224.0122396003602 90.0 85.06078445787378 102.32777071131693 130.18644910629348 169.8753283446022 197.07641028486162 191.73512525859917 209.9667418706117 223.28506980447344 163.44292862436333 117.96223220437437 111.50143432404789 91.73570458892837 308.6598082540901 324.9638041899072 334.09349200048564 320.4170221138566 304.2157021324374 284.57421619803876 265.30131948270053 252.92897870868092 221.9335144988741 228.85680098558984 224.0608090542644 81.86989764584402 4.398705354995528 67.38013505195957 94.96974072811031 97.83552510648855 274.9697407281103 279.63753811293094 284.28109573597084 285.94539590092285 303.80488857370005 6.745579647482813 7.22431569404533 286.1443387802835 237.0947570770121 142.9269266826896 141.59991698191388 155.32313682966293 203.07822140604088 234.6733554324035 199.7988763545249 180.55625222708068 154.37413976865759 132.07502205084361 129.05313694602648 133.32760563891074
215.78897345918332 213.00310069207643 209.87599269168942 169.15969454566942 124.09497795476554 90.40066325579215 71.565051177078 105.78075330951538 161.56505117707798 179.3041340604912 207.50145156273817 223.53119928561418 181.45389546510887 138.86073262488327 140.24181994697955 273.81407483429035 294.5324424004314 303.45330945407267 304.7778313663639 304.87532834460217 298.66395711028156 292.6198649480404 267.75425743410494 246.39981013208222 201.6659587232902 214.2157021324374 225.55090397921856 207.64597536373867 159.67686317033707 136.21887523513132 127.09283729704154 112.47943439710312 291.1612598168283 282.58769338164876 275.1944289077348 268.0021201435233 263.46786331214753 198.43494882292202 69.22774531795417 260.83765295427827 190.17551084304318 116.00334584451144 100.76253722314249 113.55226367289464 219.5596679689945 218.9041384554042 181.16913932790743 171.86989764584405 159.68717372979262 142.67447951689394 131.02750405924937 132.00686799402092
337.2034785320574 0.0 178.66778014613038 160.65926451696737 156.18617644039915 158.70264595096626 108.04782106877104 84.66784111834045 96.581944655178 146.80243420778353 225.0 231.94596762076281 189.2726017772003 143.4889438805047 191.30993247402023 278.79054318281396 276.6486451832689 246.80140948635182 264.6106882400266 296.8619178444027 304.695153531234 298.17859010995915 284.03624346792645 266.72951207681643 175.8150838748816 194.93141717813754 220.15599962491933 210.2849283494022 159.2858251556513 137.48955292199915 147.3807569288072 336.54097591853844 327.0947570770121 291.5713071912546 282.9946167919165 272.3859440303888 261.86989764584405 193.5704343851615 139.08561677997488 175.6839724801344 173.5652608489633 154.98310652189997 138.9909130984298 116.86191784440268 180.0 199.56378361958264 174.8055710922652 163.9264258352536 162.13045170034678 153.43494882292202 128.40008301808615 118.73979529168804
333.09390654406315 8.130102354155966 40.710846671180974 78.24706774933586 121.8659776936037 175.46222749209335 170.11201118442222 107.74467162505695 78.4325601384009 68.80594351845772 240.25511870305778 222.49229827293374 191.85977912094796 175.12610357779522 270.85509739626673 279.21892613810746 246.96056402009646 246.3706222693432 275.4403320310055 296.07535558394875 306.57303097851934 267.70938995736145 274.6354634269026 276.3401917459099 108.434948822922 145.0079798014413 211.7989128242944 202.4901780271128 166.4520610119995 154.14813745793958 277.5494217682633 315.0 353.8844964337146 298.113208876056 289.09349200048564 286.53483785734517 289.7988763545249 12.9946167919165 94.927109947649 142.3995946598871 165.8668094511371 162.31560797344224 175.50284838533224 130.0302592718897 130.8150838748816 194.3002774491856 150.57254359681028 143.13010235415598 158.54344486743665 174.60002657667496 154.11972632993115 93.85680098558984
327.8580901729982 17.62229722866826 65.10623479835934 67.08717160322834 62.037767795625626 66.41296947487174 160.01689347810003 144.63753811293094 100.00797980144134 69.7174409110834 57.52880770915152 176.34777721969368 182.77916686407207 212.87898454741423 254.5114985570903 256.8274465766731 250.20112364547506 277.9175030348283 280.95406264339834 285.94539590092285 347.2756443145776 302.31961650818016 282.6193222934308 256.4295656148385 94.76364169072619 84.98688624496418 155.92450174492117 187.4715591765924 181.94148639091438 229.76364169072616 271.6365770416167 275.9644871012531 328.49573328079583 310.4860115419987 306.3136454187634 280.713123022791 267.67218491095883 124.2157021324374 99.0475719999007 111.09794958898917 144.05788812861766 174.0355128987469 208.00917670801383 140.9061411137705 147.22512267573575 179.2559407971113 140.88598783302825 133.26429541107163 148.64595127922075 196.97549946792975 235.3663226034505 69.3410899366925
343.02450053207025 46.06091169026422 63.434948822921996 48.36646066342979 42.6140559696112 43.10348169679068 39.025676713519374 34.38034472384487 44.181544538311385 52.21426203920677 96.8090501796134 134.05304855322655 174.25133658271224 243.54366933667194 259.1144729453413 257.3004155104026 274.6858998395027 274.11222884471846 253.48218574704043 239.8083770390424 242.87869659584135 293.1985905136482 309.0531369460265 5.710593137499643 127.40535663140855 128.3455749539934 130.79464299829144 182.12109639666147 263.2901631922431 283.89119117145486 262.16447489351145 233.82037955202105 259.8244891569568 268.45184230102205 198.43494882292202 208.51554681046434 216.0273733851036 176.241444314528 123.58901687323458 108.68735150521115 121.53479190518829 170.53767779197437 173.5238754616488 160.87477397921293 169.5677893534074 175.9555144258189 163.39301942138297 144.0665027398162 140.29008120537128 257.24997416418364 268.28506980447344 62.969139740157004
27.897271030947635 46.36392753160291 36.30449712257524 43.53119928561418 59.44403572449224 65.40988283380398 58.7490489834193 29.47588900324574 28.81079374297306 66.70053673931744 94.36351139166192 114.64677085193117 229.28915332881903 274.0856167799749 268.2162788461441 257.76388849058367 257.4711922908485 248.70264595096626 241.20902492780797 247.44275336529435 256.3902681041878 266.98721249581666 272.7263109939063 85.10090754621223 115.0835940061909 138.76403486490574 136.39718102729637 294.67686317033707 293.07041224982464 300.7841465263264 306.34745820888526 275.1944289077348 250.01689347810003 185.1944289077348 166.04549082686316 193.1725534233269 209.61481164634642 192.23611150941633 146.09372301155784 128.5301800148268 121.7989128242944 135.70731936854426 145.7625372231425 147.60414728376185 159.2690445271734 171.44112526090242 175.76360520094116 161.76750891929618 196.50436138175502 270.0 238.5479389880005 176.98721249581666
123.69006752597977 336.8014094863518 56.63363399894044 85.47523152716582 92.81555668421123 92.6025622024998 99.78240703180728 139.57392125990086 158.90205041101086 129.0625839005185 97.41149285917888 79.2157021324374 285.3955492539951 263.17653760096647 253.03385189146383 244.98310652189997 250.07441934181568 263.46786331214753 279.2239222821053 279.323591778138 272.7263109939063 240.37625124882618 232.35237935989235 143.13010235415598 108.18365315571307 117.6459753637387 320.85601358542897 323.80679269443533 304.5792876032055 299.81416273779865 323.8806591505203 298.6104596659652 234.46232220802563 145.2039737217317 135.830315486258 190.2039737217317 209.11986122292473 198.23940084665117 162.80145877993414 149.9026542390311 152.74467162505692 135.0 114.17144420979315 109.16324577599843 110.92450174492114 135.0 185.9061411137705 182.95077910900636 227.04540848888723 239.74356283647074 185.66728567823912 172.72499504211075
153.43494882292202 294.44395478041656 98.67317404787977 102.63906244063011 103.67130713219584 104.11505466927139 104.67639313745002 115.523424501068 135.0 124.64667995607056 113.52320902045963 101.14288985833932 215.13419305691562 243.82471001824007 245.55604521958347 253.02968098228337 258.0792614600777 259.91183021661 264.4995885297981 264.8055710922652 244.65382405805332 191.63363399894044 207.25532837494305 163.81079374297306 131.98721249581666 277.30575953331083 310.29214775562775 327.0947570770121 321.519801751657 254.35775354279127 173.9275435927923 187.56142842766695 210.96375653207352 139.3987053549955 74.87599269168942 112.24902365721235 186.09586154459583 195.19524852681988 170.36246188706906 147.0947570770121 162.9920530445927 165.8768130790604 138.044778444194 101.79342968491048 43.65211271980138 26.408932273219705 29.553683632307425 99.86580694308435 209.80475147318012 218.70605181104892 184.3987053549955 149.4359749789752
293.9624889745782 292.3801350519596 97.95752522691714 103.25723884658109 110.19733984658251 113.28606491822359 97.76516601842533 62.68439202655773 64.3589941756947 92.7927023657133 102.39966642630975 93.90049374238188 104.53445508054014 241.3895403340348 250.20112364547506 255.65066795705286 253.15068858817492 247.2296210912378 251.56505117707798 258.5110187978408 221.9059419410829 167.31961650818016 186.23448009554124 167.27564431457762 190.7842978675626 293.1985905136482 304.5308257422886 316.14576283817513 140.71059313749964 148.13402230639633 166.24692941347695 204.29096240835096 244.29004621918872 281.76828893202065 71.1468412355809 93.67449952082967 134.19307054489764 187.4715591765924 184.3987053549955 131.14319901441016 138.14495746469802 169.19560540246076 170.44571032759825 266.6335393365702 347.8686789333675 23.28606491822356 42.009655024834615 74.01036026268741 153.72578784527258 227.29061004263852 208.52311860631204 129.75818005302045
263.15722658736905 243.43494882292202 96.56269850893744 90.89053625336058 80.02794231266893 65.998719034387 56.71247231108751 73.02450053207025 101.59217541029105 100.21086769107791 49.96974072811031 30.403424474505826 48.44738685186519 258.02386755579664 251.26270158510133 253.10361748400564 247.8548199617767 229.15964229371264 233.42696902148066 234.66866866108364 191.04094018032373 164.5778386812613 278.13010235415595 340.4633450618716 329.8134641188047 319.95027223429173 315.90938044919915 145.7842978675626 135.0 141.0958615445958 182.563770211465 255.1916229609576 267.31022967684953 270.7440592028887 94.48460600954465 104.88626684901755 122.47119229084848 176.42366562500266 213.02386755579664 113.83874018317172 88.66778014613035 126.63411387596742 203.83874018317172 255.16006083808708 267.0891621738322 103.62699485989154 90.43736386752076 89.77706034880248 104.64188454123337 254.156917882313 204.56717132060132 126.62132749378443
239.03624346792648 176.98721249581666 99.54452556555813 76.37300514010846 49.76364169072619 48.81407483429035 62.140349304757734 88.19883948427764 91.06749968374018 37.40535663140855 358.63607246839706 28.300755766006375 58.26332874340633 73.393019421383 251.3654151225536 253.28340917873345 235.4160283075707 202.06789956241022 229.49715161466776 231.00900595749454 197.89187712919824 221.8778695378843 288.946504689509 320.6175805901268 330.73880143744947 330.80251395393555 132.27368900609375 134.29268063145574 127.54570118725155 140.19442890773482 291.92958775017536 306.40408856307903 286.27967320213054 237.80426606528675 111.467651439099 85.65676004831062 82.7330455941883 124.46081627137175 217.30394827798344 210.06858282186244 94.20535700170859 98.3543508353797 242.35402463626133 264.045892568835 209.57783868126134 133.66778014613035 131.6335393365702 97.54942176826327 101.30993247402023 237.52880770915152 176.51672853100234 125.8033441083711
223.02506598911802 175.8150838748816 93.09405805891711 49.927109947649 47.63243486898645 56.30993247402023 56.07859141821808 60.068488159492205 46.40862873533848 353.8298249049704 0.8184554616886146 62.3540246362613 82.43857157233305 84.98688624496418 263.36748538486154 254.29136217098426 222.79740183823418 217.9476939921588 259.695153531234 254.10047741154344 221.68221883166515 250.20112364547506 263.6598082540901 254.29136217098426 204.92847413546127 170.25635871296282 150.19524852681988 134.45948981286935 133.71267105847497 250.82099197418927 290.41842551743133 302.3806777065692 252.75854060106002 183.01278750418334 150.03781590358227 104.48976259388445 70.58152925793888 80.73547601486703 182.17474411461006 201.25050550713325 142.72182580013094 119.74488129694222 255.32360686254998 267.68293761412866 129.28940686250036 109.378004055393 142.82907651005962 106.97549946792975 98.79741070999108 233.3929251873925 167.79953127261922 128.0189425931702
210.96375653207352 255.96375653207352 18.43494882292201 29.197486046064455 50.93152692491978 53.7461622625552 51.248371665038235 57.92075033583157 37.87498365109819 355.6749395652615 67.28558764683277 99.36650995701211 95.81562652949123 93.52145337692224 240.70863782901574 243.1991650530454 238.67130713219584 265.9622893790229 271.54815769897795 261.7474709528639 268.7269699799433 274.83041995828995 261.46923439005184 237.89374404488217 180.0 169.6409475119163 151.3895403340348 113.31770838675507 125.3112134396332 272.53355888839457 274.76364169072616 248.6293777306568 153.97040780848658 162.34987578006988 137.5448043798131 145.43747535111817 89.27477570094072 83.9041384554042 108.434948822922 192.31944525663658 146.44933798850002 130.42607874009914 266.6335393365702 271.2730300200567 63.434948822921996 94.69491427925104 123.69006752597977 112.55724663470568 95.78239232236405 238.4957332807958 167.00538320808352 332.10272896905235
311.8201698801358 315.0 358.3634229583833 52.853313301978204 65.22485943116806 68.29456325389441 73.10626982080186 78.07067782276167 49.028263666485145 30.699722550814414 88.74095479282474 95.46909497011194 88.17203175569497 91.48786752882776 199.72227776444703 246.95440185841738 262.54570118725155 273.85063882391074 265.04455105994776 255.4655449194599 268.2901859558585 273.25722194066697 262.40535663140855 259.13594007791227 130.6012946450045 138.69138598645128 162.89727103094765 109.41148685868356 104.03624346792648 278.13010235415595 271.4943335912665 201.80140948635182 143.53076560994813 170.9097230791777 156.25050550713325 171.86989764584405 157.83365417791754 92.61575487542186 87.31622484053099 129.80557109226518 91.8476102659946 48.17983011986425 267.33699923393283 255.15454791791618 165.52970589993413 101.82148834060726 104.89869543440031 105.43964553531927 94.1181897039888 310.6012946450045 331.33604288971844 332.8018720514909
290.0952311919048 293.4985656759521 90.0 117.47443162627712 73.73979529168804 72.52522574374433 83.4032617021058 84.75286109838356 33.690067525979785 40.73210669970919 65.426024763089 60.73200478510731 77.60728652305397 90.94956685643584 135.0 268.0908475670036 264.68010608219316 262.1742548335911 262.40535663140855 263.57125225117016 259.14358665193777 248.74949449286675 251.86191784440268 253.2016282186947 148.67130713219584 138.4473868518652 165.66892664971493 156.44773632710536 228.81407483429035 270.0 266.00908690157024 145.71312302279102 133.88760038370222 163.3690462932786 170.53767779197437 185.1944289077348 199.53665493812838 93.31094151461144 67.66455743469609 37.87498365109819 25.016893478100016 69.62356478616363 221.6335393365702 232.38604315126727 174.0938588862295 116.95658799466872 122.22126681159398 127.09283729704154 67.98871680208063 325.2039737217317 329.0362434679265 334.0435305730431
283.6713071321958 237.2647737278924 123.36636600105956 135.0 9.462322208025611 64.09349200048561 71.3544058779226 54.70039194394582 0.7440592028887067 27.758540601060034 53.691307535884874 64.1790080258107 78.84265246356404 82.51911382047632 37.87498365109819 266.09145570554057 264.45700791249595 264.1843734705088 259.286876977209 253.6104596659652 249.49190102823155 250.09625046269215 263.38653951768526 257.6805547433634 133.1523897340054 128.99099404250546 159.03428815944258 216.67434966957316 273.81407483429035 268.68811221749587 251.565051177078 120.46554491945989 112.21759426951832 133.49256424122504 167.10625595511783 198.43494882292202 219.7376046004049 152.52556837372288 47.26050191114126 19.83212985021838 18.758650347842234 68.80594351845772 139.7636416907262 207.10386707496073 177.1014232007183 136.29216688624996 130.87240829748828 278.13010235415595 331.4221874983153 326.23176638402447 314.6527571029142 317.5878785074053
182.72631099390628 183.1221304621157 164.98163936884936 270.0 315.0 65.44954761079259 51.22582906442577 23.96248897457818 7.078921604612219 56.91514707126504 82.56859202882748 87.57366416839764 82.7538511053298 78.69006752597977 68.49856567595211 269.62552311327715 270.9628636256362 268.3316625517067 261.28526712513883 264.8055710922652 271.7357045889284 276.0541918941148 271.6602823689828 237.6803834918198 122.76388849058367 116.90609345593685 271.8476102659946 309.28940686250036 327.46493284206497 303.27488798483495 218.8298249049704 131.53177074108288 106.92751306414704 101.30993247402023 25.016893478100016 -1.0 227.33730585912383 238.29857033049427 334.02560603756865 5.710593137499629 32.2928864986834 68.14280106729422 90.0 173.65980825409008 170.94211187138234 147.17145820858747 148.62699485989157 301.0752267795906 321.9383858053362 342.02463313460794 320.66370625802057 276.63251461513846
112.52056560289688 168.6900675259798 204.44395478041653 221.6335393365702 187.5238204386386 136.7357045889284 31.675468738109217 25.64100582430528 55.43747535111817 99.05072167718373 114.61570420458128 118.82131638372033 108.30413676821729 105.83974922376294 125.90972307917767 270.36493633573065 263.60104337263107 248.08513367280827 246.8895567699047 264.28940686250036 278.5490768204187 280.00797980144137 230.71059313749964 176.543380827958 151.18920625702694 140.19442890773482 294.001280965613 302.77487732426425 334.7468366054261 109.9831065219 160.08359400619094 150.94539590092285 110.4925947698703 91.2730300200567 318.5763343749974 47.12109639666144 258.69006752597977 253.81079374297306 267.66269414087617 320.3558250428552 63.434948822921996 77.86867893336748 79.5792876032055 90.76389846093 126.2538377374448 121.60750224624891 304.3150875999973 291.99484487402293 301.68391695089275 357.4551956201869 129.28940686250036 189.05788812861766
60.94539590092285 90.0 171.52885536698517 181.19348942398204 178.55587446906415 193.89119117145486 226.2730300200567 109.29004621918875 93.52145337692224 96.90032816927729 109.51587300958272 129.77605240373157 120.96375653207352 117.56512530520072 221.98721249581666 270.0 261.9642892894652 255.18368065722237 261.0273733851036 265.05403345289585 265.29214775562775 247.83365417791754 158.00887008282285 159.59011716619602 183.31094151461144 285.06848815949223 298.9400126928394 288.86899945506144 158.9624889745782 132.87890360333856 135.0 158.3340412767098 136.33221985386965 110.37643521383637 212.47119229084848 140.4403320310055 121.7594800848128 240.80251395393552 231.81821457165188 220.2363583092738 106.18920625702694 82.40535663140855 85.21300087904996 96.34019174590992 105.25511870305778 312.3974377975002 299.5387822595581 283.1632324896995 252.06110613747325 156.60552724263846 150.61098853367966 176.80046029043743
50.3709946955357 49.26789330029081 75.73548770192008 128.21102542556122 167.5500034921934 202.4964715002326 203.3109350353842 168.85711014166068 133.2285302599659 98.32565033042684 95.36563092663985 102.7071135013166 101.64175760295706 95.86960044301472 253.81079374297306 253.70595254340108 252.66675729228436 257.21092772367376 258.11134196037204 251.56505117707798 234.9041832129739 196.0490047925332 153.2771096092201 157.16634582208246 281.1363094311817 291.467651439099 268.7269699799433 171.7241071729248 176.12874376801437 162.80145877993414 123.69006752597977 132.27368900609375 135.0 87.70938995736148 111.80140948635182 149.93141717813754 135.0 220.2363583092738 215.53767779197437 215.6334900429879 177.70938995736148 104.84545208208382 91.56222491684238 95.44033203100551 29.05460409907714 311.94711748520757 306.57303097851934 290.6005640758249 176.42366562500266 152.2814983718166 152.8648603779231 199.68711619812586
