result/aspect_output.asc
nrows         236
ncols         218
xllcorner     466515.47101027
yllcorner     2626221.2241437
cellsize      90.0
NODATA_value  -9999.0
[rows 184 to 206 of 236, columns 52 to 103 of 218]
-9999.0 -9999.0 -9999.0 -9999.0 97.43525927045508 133.28164199834455 159.97391090588343 165.11373315098245 141.22582906442577 122.47119229084848 118.66395711028153 217.0565281894096 213.4653793463553 119.19748604606448 163.30075576600638 107.52556837372288 84.67425937523228 72.04383484737326 45.67403689798451 28.20162821869468 67.06789956241022 79.01934998982645 266.0817511359326 135.0 126.57303097851931 180.0 84.55966796899449 45.0 315.0 318.81407483429035 340.11483488614454 15.642246457208728 45.0 -1.0 270.0 268.7269699799433 265.32583628886925 254.61481164634642 236.82148834060726 211.86597769360367 148.3487271132874 135.0 127.18470645323313 122.35784767211015 163.52311860631204 215.53767779197437 293.8752808539275 296.3556887245631 -9999.0 -9999.0 -9999.0 -9999.0
-9999.0 -9999.0 -9999.0 -9999.0 89.53037298031035 90.0 88.45184230102203 140.19442890773482 129.5596679689945 115.0168934781 128.9114718458048 187.43140797117252 210.41108126712535 153.43494882292202 156.1247191460725 155.11258828907552 110.19059162454045 72.51200262385146 45.0 50.79279649503215 83.29016319224309 93.28924267849183 240.37625124882618 167.73522627210758 136.507435758775 205.82099197418927 135.0 90.0 313.1523897340054 325.7842978675626 347.24997416418364 29.80475147318012 54.462322208025626 45.0 225.0 244.0934920004856 239.4359749789752 223.49256424122504 216.17962044797895 199.98310652189997 160.29202115702128 148.65764250581216 137.67542665602917 123.19756579221647 326.30993247402023 311.5834118082287 306.78079075110094 302.48703298149076 -9999.0 -9999.0 -9999.0 -9999.0
-9999.0 -9999.0 -9999.0 88.97028477452054 94.82076607809265 94.12759170251172 95.59933933652056 120.96375653207352 148.76078511179122 120.11373315098245 122.47119229084848 173.9275435927923 221.6335393365702 197.74467162505692 125.53767779197437 143.4612881425714 153.86358755562412 152.16191880286527 108.83843355798078 106.48875370589127 108.19421167020022 106.63095370672141 213.69006752597977 173.65980825409008 135.0 225.0 180.0 135.0 288.0604719361992 302.2424678391233 6.709836807756929 84.89783474764181 94.08561677997488 90.0 315.0 308.75808565258495 303.9964591482505 244.0934920004856 199.76716867679164 192.5933299561031 169.18612248637504 157.3801350519596 153.16595652922553 307.40535663140855 325.1755108430432 326.30993247402023 281.30993247402023 -9999.0 -9999.0 -9999.0 -9999.0 -9999.0
-9999.0 -9999.0 -9999.0 103.08101398129048 99.71325102494029 93.01278750418334 58.62699485989154 60.8323866204222 79.90249561592469 110.44954761079259 115.76932762433873 149.28109573597084 216.9571057664947 211.13031356149497 119.38901146632034 100.33655414649931 129.62329457194926 179.02897806892082 151.89864869403823 117.81429385577525 101.30993247402023 72.21611155730747 45.0 -1.0 315.0 327.0947570770121 340.7693276243387 357.18444331578877 289.9325365619395 246.13982480865766 151.76255446183274 131.6661493384634 131.42366562500263 135.0 284.85861444792465 282.6001598260807 254.05460409907715 145.30484646876602 170.27242144859838 212.69198418257207 172.8749836510982 126.0273733851036 321.1155035662854 309.14398641457103 312.95459151111277 135.0 184.76364169072616 -9999.0 -9999.0 -9999.0 -9999.0 -9999.0
-9999.0 -9999.0 -9999.0 116.83404347077447 98.93561384258174 29.623748751173807 11.07020257793937 59.48976259388445 89.61023880468193 110.12584608587235 127.28810758734113 144.90418321297386 197.7232366168863 209.05460409907715 184.28915332881903 75.6299984848207 70.90650799951439 111.44773632710536 156.80140948635182 105.25511870305778 77.47119229084848 75.69972255081441 84.0938588862295 -1.0 306.4692343900519 321.9810574068298 331.6309537067214 351.06940989958105 357.7093899573615 168.6900675259798 135.81845546168861 126.57303097851931 135.0 270.0 245.13630342824814 215.38027220030114 182.5791475002834 170.21759296819272 251.56505117707798 301.3730051401085 66.80140948635182 291.0375110254218 296.20011484134733 276.3401917459099 173.0887728809753 153.97040780848658 198.54366933667194 -9999.0 -9999.0 -9999.0 -9999.0 -9999.0
-9999.0 -9999.0 -9999.0 109.56378361958267 64.09349200048561 346.9208762199332 30.124317998361207 86.14319901441016 96.12693300549407 91.930587441167 96.84277341263095 128.29016319224309 167.22875743509854 201.97450799147197 208.09484190136433 166.6754687381092 74.35775354279127 49.61992348166041 8.47114463301483 14.995079129175977 47.361374658175606 62.850318302216834 38.418055344821965 1.5481576989779597 312.2736890060937 306.51105611949527 312.58897025338877 340.0962504626922 37.71104767638988 40.79464299829141 45.830315486258 57.99461679191651 45.0 225.0 220.2363583092738 195.25511870305778 175.6012946450045 225.0 257.7995312726192 200.55604521958347 153.79988515865267 216.08507304285212 241.96614810853617 195.0684881594922 144.95062668795163 185.71059313749964 261.45092317958137 -9999.0 -9999.0 -9999.0 -9999.0 -9999.0
-9999.0 -9999.0 -9999.0 22.503528499767427 359.4212744343922 358.7680225973603 46.48145717088707 66.93848046770648 48.81407483429035 48.88449157005306 53.62735314406524 60.31281836080632 82.18470645323313 205.55996517182382 207.82409638425327 194.1534125878514 169.01934998982645 27.645975363738657 0.0 24.227745317954174 60.03043052343327 48.28924267849183 9.039482803355128 0.0 337.9321004375898 298.9264258352536 280.12467165539783 252.89727103094762 108.434948822922 118.85566121971652 87.08916217383225 79.91940201245768 73.07248693585296 -1.0 -1.0 315.0 0.0 244.44003482817618 231.70983680775691 174.6441749571448 148.09189306434683 222.75425743410494 222.58049078334366 189.21102654081668 145.43747535111817 206.56505117707798 175.0158850174213 -9999.0 -9999.0 -9999.0 -9999.0 -9999.0
-9999.0 -9999.0 -9999.0 359.5755945806385 354.63226315284385 15.47863816541836 47.43664824681014 45.0 24.239035126579097 41.63353933657018 51.40435272638416 53.95247333415415 27.606677853087945 351.6456491646203 14.656751115760414 51.34019174590989 220.2363583092738 268.02506598911805 343.07248693585296 69.92847413546127 67.86450812189963 47.20259816176582 3.215483991748215 347.61924307119284 351.1736290457721 346.8907918018457 321.546290783294 35.537677791974374 101.30993247402023 141.00900595749454 166.6607510966366 126.57303097851931 109.9831065219 -1.0 -1.0 311.4236656250026 337.0678995624102 357.436229788535 11.3099324740202 153.43494882292202 162.75854060106002 222.87890360333853 219.17365797044422 204.3045492659367 165.06858282186244 176.90594194108292 203.7858843130059 -9999.0 -9999.0 -9999.0 -9999.0 -9999.0
-9999.0 -9999.0 -9999.0 346.72935612359635 353.11827636936306 38.99099404250546 58.19061071220685 40.20320103316445 35.07375449334829 67.46902076953455 78.93881753840819 78.09573428450824 0.6160599083992224 340.8518625420604 38.77417093557423 63.083445383048655 60.94539590092285 239.03624346792648 200.55604521958347 105.8323866204222 54.90418321297389 31.504266719204168 352.2552894535771 338.26770481005696 345.3321750962999 356.98721249581666 1.5693548047489827 12.528807709151508 61.38954033403479 78.24706774933586 151.26020470831196 151.92751306414704 135.0 322.4314079711725 338.07041224982464 336.1940564815423 341.7573181718766 6.410840020232442 25.240529264786787 18.121860247901353 18.43494882292201 56.30993247402023 222.70938995736148 209.74488129694222 160.86635679409451 165.65066795705286 247.44275336529435 272.0920662794801 -9999.0 -9999.0 -9999.0 -9999.0
-9999.0 -9999.0 -9999.0 325.5080221402324 359.62056329858103 68.02549200852803 82.84817233835557 94.83041995828995 110.98489783588221 107.47092812754337 103.39249775375112 88.12212255271464 319.5480424091254 340.97439396243135 56.50481532625881 59.149476086345175 46.63657704161673 178.1523897340054 195.60394714505674 191.05641298024818 135.0 352.77568430595466 343.81079374297303 351.46923439005184 151.3895403340348 209.05460409907715 244.98310652189997 93.57633437499737 97.96378706071877 94.06336599293303 90.0 -1.0 299.7448812969422 304.695153531234 322.2445068524412 331.84719943646706 339.63839672461387 14.184294248270803 32.84505830277776 28.974132551550255 45.0 53.914926957147884 3.814074834290352 191.30993247402023 155.55604521958347 246.80140948635182 275.4773687288289 270.0 -9999.0 -9999.0 -9999.0 -9999.0
-9999.0 -9999.0 288.1328649110741 281.30993247402023 51.84277341263095 91.97493401088198 103.87370268548523 128.9204110421615 135.9391909457356 127.27338238090277 109.9831065219 355.69553103949204 324.5878330248186 351.5156778650296 32.69198418257207 33.93649946665671 38.05586948900677 57.875001559612485 133.02506598911802 195.35013649242444 199.3589941756947 218.246425964469 196.1134182330893 154.31635281950417 153.81606812094316 185.9061411137705 190.5239116420473 162.75854060106002 139.1099979612748 127.1082975717643 135.0 315.0 316.1233027140754 306.0273733851036 308.08877288097534 317.32781508904117 332.1403493047577 23.694216382171234 53.64280258000454 68.19859051364818 63.13808215559732 27.095552493751796 22.44275336529435 39.427802196036225 55.304846468766016 259.99202019855863 250.34617594194668 232.27500495788925 -9999.0 -9999.0 -9999.0 -9999.0
-9999.0 78.05316629358853 220.91438322002506 226.6683374482933 163.42120922452688 113.3728737160832 110.14074530586643 123.4325601384009 124.04593735660166 114.03428815944258 352.04247477308286 331.752866847737 340.82895746552026 356.3165136108395 27.192352164303557 46.25216737520384 59.03624346792648 66.66115082034665 82.10423490570622 150.843082117687 192.74528947313286 194.87972175200318 178.1523897340054 165.51526643967702 155.74608027568343 173.8113840367584 191.30993247402023 174.5596679689945 138.71528910542878 113.19859051364818 315.0 325.2348027634232 324.38914756133124 319.62657070937155 322.66047533446635 327.61362745401874 340.48920055628673 54.22988624372772 82.38528805796898 84.52263127117112 55.71312302279105 10.007979801441337 53.67317404787977 74.14807184571305 83.15722658736905 277.1250163489018 247.83365417791754 225.0 -9999.0 -9999.0 -9999.0 -9999.0
120.93837072092421 116.93952806380082 172.77568430595466 194.42077312751098 161.0822330031347 127.01794842618835 117.86544888508718 115.7802265740861 81.52885536698517 20.556045219583467 321.59287270759427 324.9546069435557 347.65515955576154 7.883139316729725 38.547537111997485 60.74393477789292 66.62583563495178 75.08415655877519 88.99491399474581 111.03751102542182 184.70785224437222 187.85331330197823 172.93327028359892 168.92979742206063 153.92464441605125 352.8749836510982 331.82140989004085 334.09349200048564 19.74683660542611 27.255328374943062 316.930587441167 321.6415191380115 324.9720576873311 322.871181936831 332.969139740157 351.7643806757905 74.9315118405078 114.77514056883194 103.80490241212433 90.45113854678729 94.57392125990086 155.13630342824814 126.99527114270717 112.16634582208246 111.80140948635182 285.6422464572087 317.7263109939063 318.301865674435 -9999.0 -9999.0 -9999.0 -9999.0
132.08916217383225 139.44124118943282 156.44773632710536 169.69515353123398 149.62087398863167 119.35775354279127 112.06789956241022 37.64762064010765 31.759480084812807 348.19293657840143 311.0457522844789 313.5236314901869 337.3801350519596 24.98404039711731 52.59464336859142 60.599085802839255 66.05670559070475 69.71317688046591 65.27010483859365 52.27500495788925 36.60707481260749 73.30075576600638 255.96375653207352 324.4623222080256 338.30489053920314 336.8014094863518 345.82766229986805 359.34037378783523 13.091893064346834 359.4733992078203 328.1657944544408 322.8917024282357 324.9000201831539 322.0283962389496 340.69699972733247 45.54051018713065 89.30130561701654 112.77037890876221 118.673146489435 108.79988515865267 106.63095370672141 131.34777721969365 128.29016319224309 110.55604521958347 95.19442890773479 277.6960517220166 299.29136217098426 1.4814571708870687 -9999.0 -9999.0 -9999.0 -9999.0
121.70919858871412 143.3929251873925 155.20361516832514 168.55895613123258 148.06931789628217 110.5049794759631 85.69553103949201 324.79984866886764 7.125016348901795 346.0226422045708 313.83679375475884 310.89000203872524 326.659292653523 37.17628926811474 62.961440764187074 72.85238011860304 75.58989052014425 60.7277078165003 45.298412819994866 45.593717396212554 54.17620334037616 63.79988515865267 297.4744316262771 292.2936291596941 298.3146997373819 -9999.0 -9999.0 -9999.0 -9999.0 -9999.0 -9999.0 -9999.0 -9999.0 -9999.0 310.6012946450046 92.90537570986223 91.78196059032663 99.0329696989711 111.80140948635182 118.61045966596521 98.8067926944353 81.0273733851036 81.2538377374448 90.0 96.34019174590989 278.13010235415595 283.43552336231926 -9999.0 -9999.0 -9999.0 -9999.0 -9999.0
112.61986494804043 128.29016319224309 147.86275101895822 170.48397979503181 158.14578335854247 129.47245984834382 311.4236656250026 316.2801395596049 355.33812690476117 349.22636181222384 325.6739812202225 321.137255949262 335.409882833804 49.17476989191243 71.81913279096923 72.30750352073855 64.88516511385544 50.29008120537128 47.1475854282985 62.9765923649216 76.01879568854736 83.53018001482681 261.25383773744477 249.25391972431657 -9999.0 -9999.0 -9999.0 -9999.0 -9999.0 -9999.0 -9999.0 -9999.0 -9999.0 -9999.0 -9999.0 123.56803197140903 105.24083760177999 86.88915934650922 70.27772223555294 39.28940686250036 35.690059825013975 50.35582504285517 71.09542415738832 81.46923439005187 6.340191745909905 289.5366549381284 285.70863782901574 -9999.0 -9999.0 -9999.0 -9999.0 -9999.0
118.4520203062155 103.88800116090678 105.88385373392109 140.71059313749964 145.22216863363613 331.26020470831196 304.0705119978196 300.11847029685947 329.70830389968273 334.17900802581073 322.5121441030527 324.86580694308435 353.2901631922431 56.453891416092205 65.58791161202245 59.771621492167526 49.024228468272725 37.46493627667188 44.70313333267529 64.58839927402738 71.90609345593683 68.05130091647302 122.00538320808349 175.86240641585593 -9999.0 -9999.0 -9999.0 -9999.0 -9999.0 -9999.0 -9999.0 -9999.0 -9999.0 -9999.0 -9999.0 -9999.0 71.28062879434148 58.5283154663727 49.61992348166041 11.534620653644723 14.788677614165167 38.93821121127138 39.28940686250036 19.65382405805329 357.0390638658363 336.7353751942144 -9999.0 -9999.0 -9999.0 -9999.0 -9999.0 -9999.0
-9999.0 98.66738717995551 70.89625922410934 45.0 353.0470425318261 328.55719292953563 316.10881212775996 306.86989764584405 310.81508387488157 308.7175079118386 303.1297354684121 313.8542371618249 10.856413348062247 58.62699485989154 65.25325178737384 58.36396400137241 46.332219853869645 45.67403689798451 63.98762408787016 71.7849955075022 63.90457584261165 46.72525487547264 30.699722550814414 30.555964275507762 -9999.0 -9999.0 -9999.0 -9999.0 -9999.0 -9999.0 -9999.0 -9999.0 -9999.0 -9999.0 -9999.0 -9999.0 -9999.0 62.904447506248204 47.89126959622055 357.99044618697883 4.727987818842209 32.234434218941374 28.53998518795997 11.181754210196672 358.02506598911805 8.164975009322177 -9999.0 -9999.0 -9999.0 -9999.0 -9999.0 -9999.0
-9999.0 -9999.0 19.05770451012833 7.079516434294774 350.3112134396332 325.79951586973147 332.39332214691206 338.1985905136482 331.26020470831196 317.32781508904117 297.28420729362307 296.71084164999723 35.86982351772133 75.15154798182212 70.21892289296494 60.65578195884993 65.95577673063218 83.65980825409008 85.77181729483834 71.565051177078 51.945967620762815 29.357753542791272 18.90457584261165 22.862525820479163 -9999.0 -9999.0 -9999.0 -9999.0 -9999.0 -9999.0 -9999.0 -9999.0 -9999.0 -9999.0 -9999.0 -9999.0 -9999.0 69.4165405339377 32.27564431457762 358.18169703554815 13.609731895812189 33.550662011499966 25.104568665234353 16.756779725462422 8.903961957374918 -9999.0 -9999.0 -9999.0 -9999.0 -9999.0 -9999.0 -9999.0
-9999.0 -9999.0 -9999.0 -9999.0 349.9456644000056 318.6884919678906 333.32326128502405 349.05578030093244 342.7032281845662 329.4440357244922 309.02420898342996 287.0674048184644 110.55604521958344 87.38424512457814 77.8490889590858 84.9497715751672 95.06942013261249 94.86994171628109 65.87464682645003 46.600024715147754 36.07359207326067 24.555497364056833 24.93818152370686 -9999.0 -9999.0 -9999.0 -9999.0 -9999.0 -9999.0 -9999.0 -9999.0 -9999.0 -9999.0 -9999.0 -9999.0 -9999.0 -9999.0 -9999.0 22.207232432301794 2.6630007660671424 33.503436982414215 23.198590513648185 19.420820952466798 35.053995057582696 -9999.0 -9999.0 -9999.0 -9999.0 -9999.0 -9999.0 -9999.0 -9999.0
-9999.0 -9999.0 -9999.0 -9999.0 -9999.0 -9999.0 -9999.0 -9999.0 -9999.0 -9999.0 -9999.0 -9999.0 -9999.0 98.85532665321526 94.96974072811031 97.8533133019782 91.1691393279074 64.68711619812586 26.56505117707802 33.398488467987264 -9999.0 -9999.0 -9999.0 -9999.0 -9999.0 -9999.0 -9999.0 -9999.0 -9999.0 -9999.0 -9999.0 -9999.0 -9999.0 -9999.0 -9999.0 -9999.0 -9999.0 -9999.0 -9999.0 348.5506620115 4.052331086868392 8.775055744479673 21.752729991256857 -9999.0 -9999.0 -9999.0 -9999.0 -9999.0 -9999.0 -9999.0 -9999.0 -9999.0
-9999.0 -9999.0 -9999.0 -9999.0 -9999.0 -9999.0 -9999.0 -9999.0 -9999.0 -9999.0 -9999.0 -9999.0 -9999.0 -9999.0 90.42252758751053 74.01908285160505 62.15675609072275 32.822891877269186 30.068582821862464 -9999.0 -9999.0 -9999.0 -9999.0 -9999.0 -9999.0 -9999.0 -9999.0 -9999.0 -9999.0 -9999.0 -9999.0 -9999.0 -9999.0 -9999.0 -9999.0 -9999.0 -9999.0 -9999.0 -9999.0 -9999.0 -9999.0 -9999.0 -9999.0 -9999.0 -9999.0 -9999.0 -9999.0 -9999.0 -9999.0 -9999.0 -9999.0 -9999.0
-9999.0 -9999.0 -9999.0 -9999.0 -9999.0 -9999.0 -9999.0 -9999.0 -9999.0 -9999.0 -9999.0 -9999.0 -9999.0 -9999.0 80.12523779291962 65.69545073406329 52.63965825645428 32.90524292298791 -9999.0 -9999.0 -9999.0 -9999.0 -9999.0 -9999.0 -9999.0 -9999.0 -9999.0 -9999.0 -9999.0 -9999.0 -9999.0 -9999.0 -9999.0 -9999.0 -9999.0 -9999.0 -9999.0 -9999.0 -9999.0 -9999.0 -9999.0 -9999.0 -9999.0 -9999.0 -9999.0 -9999.0 -9999.0 -9999.0 -9999.0 -9999.0 -9999.0 -9999.0
