result/aspect_output.asc
nrows         236
ncols         218
xllcorner     466515.47101027
yllcorner     2626221.2241437
cellsize      90.0
NODATA_value  -9999.0
[rows 161 to 183 of 236, columns 52 to 103 of 218]
313.5185428291129 341.18180753144327 18.586926661485904 38.796552098308155 43.372716677606405 35.72739822279969 24.74936649071752 15.037815903582242 37.37580749554817 50.6703573438939 47.29061004263852 57.89374404488217 74.2112922577281 56.6893691754392 341.07535558394875 329.2372804657611 35.180699361242105 75.61860540890939 45.0 -1.0 225.0 199.61209370890407 178.50566640873348 166.26373169437744 149.82647997035568 135.0 315.0 323.45502767717744 321.46593209893956 320.9805995247634 329.8422270579111 337.5741380786482 330.11716765458715 316.44759968685645 313.2100893917539 317.4263358316024 336.8014094863518 37.983498255277084 84.20720350496785 103.09189306434686 98.86462338841082 94.08561677997488 102.52880770915152 275.3145456699448 270.37943670141897 252.0955524937518 -9999.0 -9999.0 -9999.0 -9999.0 -9999.0 -9999.0
325.8955036834127 341.18811069748085 28.017893546454587 57.99461679191651 67.59016262850673 73.22877618136957 55.73889710090543 12.875001559612471 55.14554443389633 69.68717372979262 74.10985555689109 79.99202019855866 71.02959219151347 41.36704926051178 333.0604719361992 318.4682292589172 87.82525588538994 93.14495746469802 90.0 -1.0 -1.0 -1.0 -1.0 315.0 333.434948822922 345.14138555207535 321.0440921622411 319.0856167799749 319.42128942143063 315.27813266729635 323.74616226255523 332.48010756904984 325.6492196592449 317.7927023657133 316.26833402961455 323.49855887949366 20.623531383325215 78.69006752597977 91.66833744829333 100.84030545433055 99.46232220802563 96.49934627965456 104.03624346792648 268.2285302599659 258.2630573470693 -9999.0 -9999.0 -9999.0 -9999.0 -9999.0 -9999.0 -9999.0
314.30553971245024 333.946504689509 69.36245301531218 72.5528115767178 69.30454926593671 57.888185125765716 21.104838584929638 16.389540334034777 61.808691626206866 71.00334584451144 73.75236842721435 75.96375653207352 63.17801879841849 42.13759477388825 352.5685920288275 37.87498365109819 88.56790381583534 75.96375653207352 49.085616779974885 -1.0 -1.0 -1.0 -1.0 288.434948822922 304.38034472384487 325.713123022791 294.67686317033707 292.4329909221254 306.0433643920881 312.73524545177656 313.5217273433111 315.7117122060357 310.4933931162317 304.16532115662187 298.39875301282916 308.94580810588513 68.19859051364818 70.1678701497816 70.1678701497816 71.22196677755446 65.6589100633075 52.471559176592365 14.264512298079893 296.8619178444027 -9999.0 -9999.0 -9999.0 -9999.0 -9999.0 -9999.0 -9999.0 -9999.0
210.22544972495342 179.69360837772928 145.5080221402324 107.35402463626133 87.73204546409414 68.52320902045963 46.24536426676835 91.33221985386965 103.43102887068167 88.79816693554787 77.0501455267212 72.62107498307552 64.09349200048561 67.44275336529432 93.57633437499737 131.18592516570965 113.42869280874541 97.88313931672974 90.0 315.0 350.5376777919744 29.05460409907714 45.0 270.0 263.9275435927923 222.3974377975002 243.43494882292202 259.43198579099067 271.2102941689212 292.32442697081393 308.33869836022984 303.19756579221644 290.1998066214341 281.5290357253543 273.68062217303043 288.434948822922 55.304846468766016 75.01836742760909 77.73522627210761 49.028263666485145 44.32596310201549 25.346175941946683 10.491477012331586 334.76716867679164 -9999.0 -9999.0 -9999.0 -9999.0 -9999.0 -9999.0 -9999.0 -9999.0
167.3261399943769 178.8766972859246 172.50414236027012 144.9638041899072 128.51692630710275 129.3455791773593 144.6733554324035 134.0759546472273 134.57559458063852 142.00126755749534 121.58764235813157 118.14160123226173 130.6012946450045 130.8150838748816 148.36021844476448 163.673146489435 152.57125877832243 145.61965527615513 338.4985656759521 338.532348560901 13.861027563021139 60.94539590092285 90.0 251.56505117707798 214.5085229876684 178.1523897340054 225.72522429905925 248.08513367280827 252.1702657743228 266.9684761395476 297.6237849002808 313.4234499448163 278.9726266148964 261.12944414324085 267.2445752994972 287.47477425625567 57.225122675735776 79.80849814997231 52.35237935989235 17.417970792202837 36.86989764584402 19.98310652189997 30.302680720488084 348.2543665747121 -9999.0 -9999.0 -9999.0 -9999.0 -9999.0 -9999.0 -9999.0 -9999.0
118.58276716956522 162.31153375176717 172.64091231798477 167.53937446355863 159.5129858066693 139.55376797915864 141.89742755775174 140.49232455712743 142.31552530439626 151.27967320213054 133.69804732742114 135.95484125387222 149.45242825109298 140.88598783302825 144.46232220802563 186.00900595749454 330.4221613187387 340.51387042753424 337.4204274359737 348.78717892368815 17.417970792202837 24.05252941304883 11.611486423888493 3.814074834290352 13.240519915187207 62.87869659584135 216.67434966957316 233.71974650623733 236.55100726252527 249.97791676335524 264.3269778600747 276.63251461513846 230.11731484997264 236.6459742484832 228.88449157005306 205.80692820925006 169.48737283007864 125.45086607126407 123.69006752597977 146.30993247402023 77.15724595605548 41.81086408526667 -9999.0 -9999.0 -9999.0 -9999.0 -9999.0 -9999.0 -9999.0 -9999.0 -9999.0 -9999.0
90.7848246029919 116.43393978233078 150.68590592006643 176.29157184286956 187.54942176826327 143.4269690214807 132.80942613596176 146.30993247402023 160.01689347810003 167.14190982700183 141.44160009933503 135.52085637450196 149.74356283647074 109.1790080258107 58.495733280795804 315.0 312.7974018382342 324.9363899434283 327.68038349181984 345.6618848283882 12.13904651383345 17.11665937955179 15.802513953935517 13.535856369134251 25.801152716147996 56.1887999282518 92.86240522611175 221.05481377096243 232.59464336859145 250.62682136028255 253.16085513956608 179.38394009160078 201.0375110254218 233.13010235415598 208.3855755108736 191.8643904512811 187.53260140094736 167.0472354866245 168.80795991004192 181.61809453273744 169.5085229876684 -9999.0 -9999.0 -9999.0 -9999.0 -9999.0 -9999.0 -9999.0 -9999.0 -9999.0 -9999.0 -9999.0
111.88955676990469 106.01117747880846 113.74949449286675 171.4692343900519 196.92751306414704 146.569972047902 124.11447294534128 132.08916217383225 161.56505117707798 174.28940686250036 158.3691131634821 88.02506598911802 353.9275435927923 18.43494882292201 19.69862137458027 319.3987053549955 295.31288380187414 299.05460409907715 303.4078245897089 321.2868933617365 6.556946498163384 31.55138494831347 37.81946450227984 44.44909602078141 75.25643716352928 94.28915332881903 100.61965527615513 272.12109639666147 260.6952276593567 259.7651972365768 253.06263891609552 196.58733855692742 240.4612177404419 254.18080605249986 209.2192466904846 201.16125981682828 187.19347005529553 163.8724241740402 171.0273733851036 186.49934627965456 172.1135783860974 -9999.0 -9999.0 -9999.0 -9999.0 -9999.0 -9999.0 -9999.0 -9999.0 -9999.0 -9999.0 -9999.0
137.87836949973402 122.54565070184142 121.67546873810923 159.51964268819074 176.32550047917033 137.8155566842112 113.58703052512826 97.02839623894963 73.49563861824498 56.30993247402023 321.9810574068298 332.65012421993015 356.32550047917033 24.25391972431659 9.950626687951598 337.34810834790943 309.48508840875496 312.75425743410494 316.60226134627095 315.51616422976485 37.72499504211075 94.16650488554868 113.29456325389441 123.29356327084665 115.18620675450435 110.93436841944273 115.90650799951439 293.1985905136482 283.54317664244473 265.24646873435205 254.2244191902009 221.84928358673227 243.6495387540514 235.7842978675626 186.74557964748283 187.59464336859145 164.3271794904568 159.20097159115852 179.42127443439225 181.1233027140754 166.4295656148385 -9999.0 -9999.0 -9999.0 -9999.0 -9999.0 -9999.0 -9999.0 -9999.0 -9999.0 -9999.0 -9999.0
138.15484286479196 123.17851165939277 119.55368363230747 71.565051177078 6.842773412630933 53.56088957116461 62.52556837372288 52.969610394321336 27.315607973442255 354.41739424346895 333.0041616059134 341.26663835708314 22.98871680208063 4.08561677997487 355.46222749209335 339.22774531795415 312.2408923413797 314.6589577211412 323.57523263983524 333.1380821555973 90.53545898556453 105.53852502903209 118.52311860631204 130.82523010808757 125.46676720996999 118.73979529168804 135.0 263.6598082540901 265.6676860168115 265.34838554335937 255.8931952629269 227.50770172706626 233.7461622625552 202.38013505195957 165.57922687248902 174.96621304379997 169.11447294534128 175.36453657309735 181.6365770416167 176.48345250366455 163.26851278712914 153.94650468950906 -9999.0 -9999.0 -9999.0 -9999.0 -9999.0 -9999.0 -9999.0 -9999.0 -9999.0 -9999.0
106.76255446183274 76.70142966950573 25.16787014978162 343.6571174565581 0.8069294551023773 43.46565850029924 61.54676081618106 54.11135704478397 357.74542503406497 339.99330526225975 346.961343416977 4.698680517299437 10.548065418142116 354.25133658271227 359.51853419416165 329.82647997035565 293.1237918883693 289.1954676000529 236.0035408517495 181.8476102659946 104.15341258785139 87.04368934249635 82.73675525941545 87.68293761412866 96.53213668785244 100.00797980144134 -1.0 242.81888891452277 254.38901146632034 260.3998815701213 250.7923225847816 232.1250163489018 233.1878020119045 186.34019174590992 154.70797884297872 165.59331484356312 173.49437335431634 182.7006293373953 184.91656600601002 186.34019174590992 169.99202019855866 160.96195998269744 152.02052561151987 -9999.0 -9999.0 -9999.0 -9999.0 -9999.0 -9999.0 -9999.0 -9999.0 -9999.0
25.292021157021267 23.720395572304596 17.612577842923827 344.3577535427913 119.29136217098426 110.71417484434872 90.0 38.88449643371459 337.724102151741 331.3895403340348 358.2986453946739 12.528807709151508 9.582944723532563 1.2921668862499303 15.945395900922847 343.53998518796 284.03624346792645 215.7273982227997 170.08347387909276 194.50664159752432 145.8230112262071 96.92111763843499 84.2593933610481 83.53592568062317 89.60486295749251 97.69605172201656 -1.0 262.8749836510982 271.97493401088195 267.6467031338917 253.83862749327957 230.30510960621038 210.51823067887523 181.28444352180077 154.4208209524668 158.92727338004943 178.40885972880542 193.507838875273 204.04422326936782 209.6784899251352 168.6900675259798 161.31808813965176 178.5871618217808 -9999.0 -9999.0 -9999.0 -9999.0 -9999.0 -9999.0 -9999.0 -9999.0 -9999.0
16.557071375636653 38.047042531826065 89.06080905426441 141.581944655178 153.43494882292202 128.3455749539934 29.84593194968741 357.1014232007183 336.96056402009646 323.74616226255523 2.0901591537106725 32.98852161363456 24.25391972431659 5.648247373735259 18.103763034506628 5.648247373735259 286.85839876773827 142.9434718105904 141.3401917459099 197.27174257768087 172.5348091438786 134.10482628978895 119.50072462349917 101.19204008995806 90.77422016492807 85.10090754621223 -1.0 296.565051177078 282.5288077091515 273.3949235421183 251.96571443287013 207.7904424794521 190.34868408799548 187.32974771675873 157.24902365721238 153.83843355798078 183.3664606634298 201.75501615275564 210.86680945113707 203.01756179688135 163.72613066530437 164.81416273779868 213.50343698241423 -9999.0 -9999.0 -9999.0 -9999.0 -9999.0 -9999.0 -9999.0 -9999.0 -9999.0
92.021364940356 96.47289742525575 95.48615642500431 91.30195267257886 31.865977693603654 345.96375653207355 340.267310500339 350.5376777919744 348.80488857370005 334.1129737336733 32.69198418257207 76.09731288577944 59.47029410006587 351.46923439005184 31.675468738109217 83.08877288097534 159.62356478616363 155.22485943116806 142.3995946598871 171.71420297604624 167.30041551040262 145.4742348282258 133.98602127721472 117.7410457070959 100.73889710090546 88.53119928561415 -1.0 278.13010235415595 262.1042349057062 245.01876039378396 218.45370921670596 180.62275568720634 184.48460600954462 188.64693170795306 159.2858251556513 153.74134044519275 191.30993247402023 218.38653951768524 229.8365834457353 209.68718163919368 154.7468366054261 210.37912601136833 261.91941861839894 -9999.0 -9999.0 -9999.0 -9999.0 -9999.0 -9999.0 -9999.0 -9999.0 -9999.0
-9999.0 87.16736267847736 59.03624346792648 23.096821918160828 354.8055710922652 336.1725786194296 333.132864911074 355.44623202084136 11.583418604687068 45.0 120.02712423321307 131.29157184286953 166.23921488820878 199.7468366054261 156.1247191460725 120.66456458047989 137.44704864232364 163.71507752811658 171.55963472449338 169.13594007791227 147.87500155961249 138.77228360937983 135.0 135.5509039792186 137.7702157972002 123.6900675259798 -1.0 246.44773632710536 220.0302592718897 218.89994003967834 198.25756307538975 173.65980825409008 186.10609384728426 182.0825652797309 163.57781250168472 158.09682191816083 242.02052561151984 250.1678701497816 239.28109573597084 206.13100054493856 175.97173633351485 270.52563460645763 -9999.0 -9999.0 -9999.0 -9999.0 -9999.0 -9999.0 -9999.0 -9999.0 -9999.0 -9999.0
-9999.0 -9999.0 -9999.0 8.289404389025663 340.46334506187156 327.0114783863654 324.5878330248186 6.5967382978942055 56.3099324740202 95.13255443987296 120.5679370638641 137.15296278910048 174.0938588862295 202.55724663470565 167.42106476250694 135.4182099414971 133.93908830973578 157.42586192135178 187.0457691248675 184.34323995168938 156.00322271143426 152.00285263875736 146.41583952440703 135.0 152.10272896905235 329.93141717813756 348.23171106797935 346.8274465766731 340.01689347810003 234.9262455066517 188.91492695714786 174.53615718676338 205.75047412731828 199.0934920004856 166.60750224624888 251.56505117707798 247.83365417791754 229.7636416907262 228.81407483429035 228.7640348649057 276.3401917459099 292.91955483246664 -9999.0 -9999.0 -9999.0 -9999.0 -9999.0 -9999.0 -9999.0 -9999.0 -9999.0 -9999.0
-9999.0 -9999.0 -9999.0 -9999.0 326.8677318975661 317.740024679502 313.3397176310172 96.91122711902466 100.76814456110785 96.62077608231499 99.94600494241729 112.64680231301062 162.29957221133282 204.09201952899033 160.30137862541972 141.63251461513846 138.982520571829 150.30084557245 190.00797980144134 184.05934636479924 157.43299092212538 155.2564621745231 156.1247191460725 135.0 303.69006752597977 310.0302592718897 336.25050550713325 6.49934627965456 22.166345822082448 59.03624346792648 137.38594403038883 233.53076560994813 286.6309537067214 322.1250163489018 105.94539590092288 180.90938044919915 205.40771810894847 242.9044475062482 279.05788812861766 297.4744316262771 300.6997225508144 289.2692943984688 138.2704879231834 -9999.0 -9999.0 -9999.0 -9999.0 -9999.0 -9999.0 -9999.0 -9999.0 -9999.0
-9999.0 -9999.0 -9999.0 -9999.0 -9999.0 287.92791976200726 152.41797079220282 142.72182580013094 131.77547739348012 119.44231398246941 119.54544378487549 125.2037900825255 155.55604521958347 187.91750303482834 156.98243820311865 128.65980825409008 97.59464336859145 69.44395478041653 80.53767779197437 157.75097634278762 142.30575953331083 135.0 -1.0 270.0 286.6992442339936 292.30620505490765 309.4724598483438 99.6887865603668 129.68545433005525 136.68468431789628 106.38954033403479 296.9395280638008 297.4744316262771 45.0 116.30101719581887 170.21759296819272 237.52880770915152 270.80692945510236 282.1368244552923 292.9993016494594 282.6001598260807 202.16634582208246 168.59237660698378 157.33338843776335 -9999.0 182.72631099390625 -9999.0 -9999.0 -9999.0 -9999.0 -9999.0 -9999.0
-9999.0 -9999.0 -9999.0 -9999.0 -9999.0 130.74934542534885 131.0698244542745 145.73266455665578 145.00797980144137 125.33359751696022 122.28636783672701 123.6900675259798 132.75425743410491 197.24145939893998 354.0938588862295 20.071525864538728 24.77514056883193 38.32553095288242 62.57125877832243 95.44033203100551 114.44395478041653 315.0 327.80426606528675 336.25050550713325 332.4298628176678 328.1092081981543 8.615648184164101 98.32565033042684 120.14138555207535 185.71059313749964 316.4688007143858 314.2926806314557 306.1193408494797 79.01934998982645 91.02303018866783 149.03624346792648 269.23610153907 272.7263109939063 275.4403320310055 277.76516601842536 165.37912601136833 158.355564859286 176.72951207681643 165.3026807204881 180.0 168.43986920578226 142.49585763972988 -9999.0 -9999.0 -9999.0 -9999.0 -9999.0
-9999.0 -9999.0 -9999.0 -9999.0 -9999.0 141.63251461513846 119.52136183458165 113.68208772453846 92.6025622024998 81.27661935831702 72.15979569229648 30.352624727637007 8.513987929750343 356.1431990144102 344.28142706105905 9.96380418990718 45.0 83.99099404250546 104.6973192795119 122.00538320808349 319.3987053549955 330.0183606311507 329.2158534736736 328.4161834818409 348.69006752597977 83.65980825409011 150.78075330951538 115.97439396243132 97.59464336859145 291.8014094863518 298.8556612197165 310.84035770628736 162.75854060106002 136.45021629093344 119.52136183458165 191.30993247402023 270.6740368979845 277.71189241265887 283.0693178962822 281.853004167744 119.55368363230747 138.62148470411734 179.34145682243638 165.51023740611555 200.82089285331082 163.9264258352536 145.1066974493013 234.36019080191335 -9999.0 -9999.0 -9999.0 -9999.0
-9999.0 -9999.0 -9999.0 -9999.0 -9999.0 101.0035408517495 55.304846468766016 19.32318431816178 21.370622269343187 48.85680098558984 42.43075897985179 358.865578369023 0.0 6.571922654315884 354.9363831469699 23.78203042322137 65.97349342132082 86.69325351975749 97.62419250445186 142.1250163489018 270.0 274.2363947990588 284.74356283647074 287.65012421993015 114.04422326936782 127.73675525941545 164.35775354279127 156.59531044896767 122.00538320808349 261.86989764584405 249.12098311944257 198.92464441605125 141.0885281541952 139.83041995828995 147.52880770915152 260.5376777919744 284.7967622450573 282.5288077091515 279.3314105252938 289.4400348281762 75.83783194468725 55.388857815469606 66.44773632710536 132.27368900609375 205.27772223555297 164.98163936884936 155.97349342132082 234.2885675336642 -9999.0 -9999.0 -9999.0 -9999.0
-9999.0 -9999.0 -9999.0 -9999.0 -9999.0 27.38742215707616 21.801409486351815 27.52522574374433 52.016501744722916 64.21267181718565 45.458356458000424 343.9509952074668 357.02626891751993 26.56505117707799 7.869075551790502 26.93952806380082 64.49586051318624 71.97043907865091 54.19665589162889 3.990913098429772 9.688786560366793 220.76360520094116 239.19109654902397 210.7740361012482 135.66619997018313 106.26020470831196 95.19442890773479 175.6012946450045 135.0 233.13010235415598 212.69198418257207 186.84277341263095 150.67952412241925 123.69006752597977 135.0 279.4623222080256 282.75002583581636 281.0035408517495 276.41084002023246 285.52411099675425 52.66680426181418 36.98290692634467 52.733598099022856 82.33319573818582 183.81407483429035 162.64597536373867 150.2551187030578 245.4722795197419 -9999.0 -9999.0 -9999.0 -9999.0
-9999.0 -9999.0 -9999.0 -9999.0 88.95837332399003 143.01709307365533 159.72731438669013 155.79411495550363 147.93805631718647 112.19545952867895 94.12759170251172 280.00797980144137 317.6025622024998 66.80140948635182 18.43494882292201 42.87890360333856 78.51458329824138 78.95905981967627 52.20605700138327 13.570434385161477 48.69138598645128 64.9831065219 255.81570575172918 191.6893691754392 144.2726017772003 108.434948822922 83.15722658736905 -1.0 -1.0 225.0 206.56505117707798 192.26477372789242 164.74488129694222 135.0 315.0 294.67686317033707 290.55604521958344 283.6097318958122 270.0 241.3895403340348 128.29016319224309 126.72410717292482 117.37770277133174 112.50352849976741 159.86369657175186 173.418055344822 165.25643716352926 275.0131137550358 -9999.0 -9999.0 -9999.0 -9999.0
