result/aspect_output.asc
nrows         236
ncols         218
xllcorner     466515.47101027
yllcorner     2626221.2241437
cellsize      90.0
NODATA_value  -9999.0
[rows 69 to 91 of 236, columns 104 to 155 of 218]
167.15229514128234 183.97673097507754 196.2252753611782 171.86989764584405 143.20721641191815 179.14490260373327 208.393019421383 194.78272604261568 153.43494882292202 133.29018595585845 127.32552048310606 141.9810574068298 158.89516141507036 175.10090754621223 208.79622578510924 197.03776779562565 120.82193558529312 94.45117400288655 90.0 165.4655449194599 190.1668585055201 164.18080605249986 -9999.0 -9999.0 -9999.0 -9999.0 -9999.0 -9999.0 -9999.0 -9999.0 -9999.0 -9999.0 -9999.0 -9999.0 -9999.0 -9999.0 -9999.0 -9999.0 -9999.0 -9999.0 -9999.0 -9999.0 -9999.0 -9999.0 -9999.0 -9999.0 -9999.0 -9999.0 -9999.0 -9999.0 -9999.0 -9999.0
162.4928369515397 179.2654789657452 202.2349908924885 197.63178957111177 137.32153058983272 151.0490047925332 194.84545208208382 186.51242302928785 167.88737707401498 147.90740867126584 134.55238582913947 142.54942176826327 145.9111283842834 169.5483670560113 227.51687565693953 199.0934920004856 145.58732131823712 130.39990433373674 92.38594403038883 91.39718102729637 157.69379494509235 179.85747347927347 -9999.0 -9999.0 -9999.0 -9999.0 -9999.0 -9999.0 -9999.0 -9999.0 -9999.0 -9999.0 -9999.0 -9999.0 -9999.0 -9999.0 -9999.0 -9999.0 -9999.0 -9999.0 -9999.0 -9999.0 -9999.0 -9999.0 -9999.0 -9999.0 -9999.0 -9999.0 -9999.0 -9999.0 -9999.0 -9999.0
124.87532834460217 166.8907918018457 202.5430610000579 208.14160123226173 163.66395711028153 137.89126959622055 170.08347387909276 179.69029610004117 177.97863505964398 156.2864051136591 121.14858098619501 126.54497232282253 136.20604877921994 184.30446896050796 236.43368126542669 183.91824886406738 133.02506598911802 153.72578784527258 137.43664824681014 101.52372170389734 99.9262455066517 165.57922687248902 161.64429840111228 -9999.0 -9999.0 -9999.0 -9999.0 -9999.0 -9999.0 -9999.0 -9999.0 -9999.0 -9999.0 -9999.0 -9999.0 -9999.0 -9999.0 -9999.0 -9999.0 -9999.0 -9999.0 -9999.0 -9999.0 -9999.0 -9999.0 -9999.0 -9999.0 -9999.0 -9999.0 -9999.0 -9999.0 -9999.0
67.93210043758978 82.1466866980218 174.17365797044422 197.17590361574673 175.7321066997092 143.13010235415598 146.30993247402023 170.0361958100928 187.43140797117252 189.75242494165377 143.13010235415598 119.98163936884936 116.80083494695458 180.90938044919915 213.5788137250007 185.42059528376237 144.35297925009326 155.97349342132082 160.2405292647868 140.88598783302825 143.13010235415598 145.7842978675626 163.33223696037297 154.65382405805332 -9999.0 -9999.0 -9999.0 -9999.0 -9999.0 -9999.0 -9999.0 -9999.0 -9999.0 -9999.0 -9999.0 -9999.0 -9999.0 -9999.0 -9999.0 -9999.0 -9999.0 -9999.0 -9999.0 -9999.0 -9999.0 -9999.0 -9999.0 -9999.0 -9999.0 -9999.0 -9999.0 -9999.0
122.82854179141253 111.21796957677861 133.99491399474581 177.33699923393286 183.3664606634298 138.17983011986425 129.64417495714483 151.42218749831528 181.36392753160294 198.43494882292202 173.4032617021058 142.3995946598871 109.65382405805329 109.72227776444706 175.10090754621223 189.52002186577414 177.13759477388825 154.50244850666223 135.81845546168861 138.77228360937983 166.5042667192042 162.37770277133174 176.53177074108285 164.4354163613927 133.18580809097006 -9999.0 -9999.0 -9999.0 -9999.0 -9999.0 -9999.0 -9999.0 -9999.0 -9999.0 -9999.0 -9999.0 -9999.0 -9999.0 -9999.0 -9999.0 -9999.0 -9999.0 -9999.0 -9999.0 -9999.0 -9999.0 -9999.0 -9999.0 -9999.0 -9999.0 -9999.0 -9999.0
154.732689499661 146.94417718844633 146.859779120948 180.53545898556453 199.29004621918875 134.0759546472273 114.20588504449634 118.04468694797481 158.6293777306568 203.74949449286675 183.31778116833485 170.61085243866876 178.19126067750796 128.9275435927923 105.64224645720873 167.79953127261922 196.65430637692333 190.7842978675626 110.13630342824814 92.24574256589509 131.26860300083956 165.25643716352926 180.0 160.27772223555297 145.31174375770743 179.6154703404155 -9999.0 -9999.0 -9999.0 -9999.0 -9999.0 -9999.0 -9999.0 -9999.0 -9999.0 -9999.0 -9999.0 -9999.0 -9999.0 -9999.0 -9999.0 -9999.0 -9999.0 -9999.0 -9999.0 -9999.0 -9999.0 -9999.0 -9999.0 -9999.0 -9999.0 -9999.0
164.3271794904568 146.9565842431491 139.54804240912543 192.99461679191648 208.2173558547293 145.06068979532296 119.74488129694222 101.30993247402023 113.19859051364818 185.85601358542897 184.63546342690265 185.64824737373527 185.57219780396377 170.21759296819272 133.36342295838327 133.49256424122504 191.72511201516505 221.5935562450053 171.38435181583588 94.4748965062461 105.36161631184868 143.13010235415598 166.10880882854514 156.52260010790707 135.0 190.30484646876602 185.98059952476345 151.84179803241062 149.1279166369197 -9999.0 -9999.0 -9999.0 -9999.0 -9999.0 -9999.0 -9999.0 -9999.0 -9999.0 -9999.0 -9999.0 -9999.0 -9999.0 -9999.0 -9999.0 -9999.0 -9999.0 -9999.0 -9999.0 -9999.0 -9999.0 -9999.0 -9999.0
190.00797980144134 147.52880770915152 130.29214775562778 206.56505117707798 219.8978347476418 141.00900595749454 137.29061004263852 95.5721978039638 80.21759296819272 109.59228189105153 172.30394827798344 198.06047193619918 176.34777721969368 168.6900675259798 159.56717132060132 127.27817419986903 173.29016319224309 226.46880071438582 191.94417718844633 130.1207262169933 103.86102756302114 93.91824886406738 124.69515353123398 165.96375653207355 132.51044707800085 154.65382405805332 169.5085229876684 159.72731438669013 173.32904732574616 189.02963732196514 -9999.0 -9999.0 -9999.0 -9999.0 -9999.0 -9999.0 -9999.0 -9999.0 -9999.0 -9999.0 -9999.0 -9999.0 -9999.0 -9999.0 -9999.0 -9999.0 -9999.0 -9999.0 -9999.0 -9999.0 -9999.0 -9999.0
200.37643521383637 158.9624889745782 149.40002130679105 234.46232220802563 223.69804732742114 135.0 86.18592516570965 64.85521436932106 75.96375653207352 81.70285503016314 93.99091309842979 183.81407483429035 171.0273733851036 164.42745640318975 220.60129464500446 16.699244233993625 39.427802196036225 187.43140797117252 178.22853025996594 164.40718906073366 135.0 97.1250163489018 106.0040404858816 159.07549825507886 168.40782458970892 154.13364320590549 150.01836063115064 133.1523897340054 178.66778014613038 219.28940686250036 180.0 -9999.0 -9999.0 -9999.0 -9999.0 -9999.0 -9999.0 -9999.0 -9999.0 -9999.0 -9999.0 -9999.0 -9999.0 -9999.0 -9999.0 -9999.0 -9999.0 -9999.0 -9999.0 -9999.0 -9999.0 -9999.0
175.84035770628736 160.48920055628673 216.2538377374448 270.0 202.38013505195957 180.0 251.56505117707798 83.36748538486154 81.34745820888529 51.441600099335034 33.84534026107171 42.917434720269114 55.304846468766016 11.3099324740202 271.46880071438585 282.5288077091515 41.53177074108285 47.16107948822636 93.81407483429035 184.84400037508067 214.38034472384487 91.1691393279074 79.7348595397863 53.32565033042684 93.99091309842979 140.29008120537128 170.53767779197437 125.18069936124209 148.49573328079583 237.22512267573575 189.84113175963432 178.51213247117224 -9999.0 -9999.0 -9999.0 -9999.0 -9999.0 -9999.0 -9999.0 -9999.0 -9999.0 -9999.0 -9999.0 -9999.0 -9999.0 -9999.0 -9999.0 -9999.0 -9999.0 -9999.0 -9999.0 -9999.0
141.1155035662854 187.69605172201656 277.9893267663969 293.1985905136482 45.0 128.6598082540901 205.2011236454751 123.11134196037204 59.03624346792648 25.866356794094514 51.14662565964667 62.037767795625626 52.12501634890182 66.80140948635182 190.17551084304318 193.67130713219584 199.05770451012833 112.96377305985456 104.03624346792648 161.56505117707798 220.2363583092738 114.44395478041653 56.63363399894044 34.84573341979976 63.20848447058083 97.1250163489018 162.9509690278902 163.3690462932786 158.9624889745782 218.77417093557423 189.58294472353256 197.32171802591967 249.11419853930695 -9999.0 -9999.0 -9999.0 -9999.0 -9999.0 -9999.0 -9999.0 -9999.0 -9999.0 -9999.0 -9999.0 -9999.0 -9999.0 -9999.0 -9999.0 -9999.0 -9999.0 -9999.0 -9999.0
132.13759477388828 305.9806775686183 299.8590161649231 287.17590361574673 95.52754015165618 94.63546342690265 203.19859051364818 266.98721249581666 24.443954780416533 59.03624346792648 85.39990433373674 82.69424046668917 72.25532837494305 50.9061411137705 59.03624346792648 140.71059313749964 204.44395478041653 149.57421619803873 103.84069549165562 124.26110289909457 211.50426671920417 209.57783868126134 118.1416012322617 115.78732818281435 116.78290480217515 91.39718102729637 87.436229788535 149.93141717813754 172.8749836510982 221.9059419410829 213.69006752597977 222.95459151111277 255.91612912865182 -9999.0 -9999.0 -9999.0 -9999.0 -9999.0 -9999.0 -9999.0 -9999.0 -9999.0 -9999.0 -9999.0 -9999.0 -9999.0 -9999.0 -9999.0 -9999.0 -9999.0 -9999.0 -9999.0
287.17590361574673 290.48035731180926 228.01278750418334 192.72435568542238 178.53119928561418 147.0947570770121 155.22485943116806 217.50414236027012 196.55707137563667 103.7815972356536 87.9299693469589 89.29268063145577 92.6025622024998 10.304846468766016 48.81407483429035 74.05460409907712 195.94539590092285 153.43494882292202 86.68905848538856 91.57655005518373 214.5085229876684 244.76716867679164 138.17983011986425 112.7965214679426 131.05481377096245 80.36246188706903 67.50352849976741 80.8376529542783 225.0 279.86580694308435 303.69006752597977 320.1944289077348 267.4551956201869 -9999.0 -9999.0 -9999.0 -9999.0 -9999.0 -9999.0 -9999.0 -9999.0 -9999.0 -9999.0 -9999.0 -9999.0 -9999.0 -9999.0 -9999.0 -9999.0 -9999.0 -9999.0 -9999.0
291.68229161324496 256.4295656148385 155.28255908891663 192.144278049567 217.8749836510982 188.13010235415595 132.7974018382342 190.84030545433058 209.74488129694222 143.53076560994813 79.01934998982645 73.17859010995917 59.82647997035568 78.69006752597977 117.34987578006988 110.09523119190482 152.52556837372288 177.13759477388825 111.25050550713325 100.71312302279105 225.0 254.24882633654698 135.0 96.53213668785244 33.690067525979785 23.838740183171723 81.86989764584402 93.81407483429035 264.8055710922652 284.03624346792645 304.695153531234 18.43494882292201 272.12109639666147 -9999.0 -9999.0 -9999.0 -9999.0 -9999.0 -9999.0 -9999.0 -9999.0 -9999.0 -9999.0 -9999.0 -9999.0 -9999.0 -9999.0 -9999.0 -9999.0 -9999.0 -9999.0 -9999.0
249.67686317033707 168.23171106797935 136.7357045889284 277.76516601842536 297.2161115573075 353.99099404250546 57.72435568542238 53.7461622625552 260.83765295427827 257.4711922908485 57.72435568542238 44.09061955080085 29.744881296942197 55.491477012331586 90.0 74.9315118405078 62.10272896905238 121.8659776936037 114.07549825507886 103.70696100407983 191.30993247402023 229.28915332881903 151.69924423399362 73.1416012322617 349.90249561592475 25.346175941946683 75.15454791791618 84.70991879462872 266.4236656250026 277.94347181059044 320.3558250428552 4.969740728110295 300.4998332334474 -9999.0 -9999.0 -9999.0 -9999.0 -9999.0 -9999.0 -9999.0 -9999.0 -9999.0 -9999.0 -9999.0 -9999.0 -9999.0 -9999.0 -9999.0 -9999.0 -9999.0 -9999.0 -9999.0
183.3664606634298 171.0273733851036 194.19855402386315 251.16156644201925 265.0607844578738 270.0 75.96375653207352 86.63353933657018 210.96375653207352 256.8274465766731 341.565051177078 8.447527247908468 20.556045219583467 43.02506598911802 31.961343416977016 4.338266791428197 13.958290074511396 26.281411021320167 37.631948928377824 33.33122599963103 26.56505117707799 38.65980825409011 270.0 356.49646835521554 338.7820304232214 28.835500847743063 66.51240422234639 65.80679101271124 35.537677791974374 249.04422326936782 249.22774531795417 315.0 270.0 -9999.0 -9999.0 -9999.0 -9999.0 -9999.0 -9999.0 -9999.0 -9999.0 -9999.0 -9999.0 -9999.0 -9999.0 -9999.0 -9999.0 -9999.0 -9999.0 -9999.0 -9999.0 -9999.0
171.98876838714398 181.57655005518373 221.72951207681643 229.7636416907262 205.97439396243132 184.08561677997488 169.2157021324374 161.56505117707798 194.58891873287462 245.65891006330747 281.82148834060723 333.68735150521115 8.775055744479673 27.26947198845808 14.819417751790027 355.897203076758 5.844565877386856 23.035044489185296 31.492161124727005 34.87532834460218 45.57872556560778 47.20259816176579 306.86989764584405 245.85445803957833 277.1250163489018 35.537677791974374 63.69898280418113 59.95863607372087 63.165956529225525 232.76516601842533 226.4878675288278 215.3112134396332 245.72555886556054 189.5491339287359 -9999.0 -9999.0 -9999.0 -9999.0 -9999.0 -9999.0 -9999.0 -9999.0 -9999.0 -9999.0 -9999.0 -9999.0 -9999.0 -9999.0 -9999.0 -9999.0 -9999.0 -9999.0
167.42106476250694 193.19061071220685 214.89496363496204 210.25643716352926 185.9881483757755 179.0178828367758 173.97600691768037 177.07927847899964 203.64901975234642 240.47132816552013 271.69464706853717 305.5376777919744 354.34051815983753 17.525568373722876 9.975126720458647 359.4093427853533 12.01900245454452 41.42366562500263 55.47742359600488 64.91062613107138 63.615692007331035 33.53046966713309 32.0053832080835 128.6598082540901 234.0902769208223 259.8244891569568 49.48460600954465 56.520319947711045 59.03624346792648 42.954591511112795 245.6954507340633 255.32360686254998 264.8055710922652 147.2157191341309 148.51253063578602 -9999.0 -9999.0 -9999.0 -9999.0 -9999.0 -9999.0 -9999.0 -9999.0 -9999.0 -9999.0 -9999.0 -9999.0 -9999.0 -9999.0 -9999.0 -9999.0 -9999.0
117.47443162627712 181.60600298928225 213.98288838121078 209.05460409907715 180.0 166.80938928779318 162.20401107606963 187.64040676102675 233.46128814257136 263.25994390205307 269.43273359014205 237.52880770915152 188.7461622625552 186.9529574681739 181.6365770416167 130.76360520094119 126.08507304285212 111.10483858492964 94.1849161251184 79.32105280346488 66.68906496461582 43.75463573323165 67.47943439710312 90.61605990839925 234.9506266879516 264.1736579704442 12.893744044882155 53.90171603289198 52.78104622298352 51.46981998517319 315.0 235.37584492005107 194.74356283647074 159.50740523012973 172.93968806121237 -9999.0 -9999.0 -9999.0 -9999.0 -9999.0 -9999.0 -9999.0 -9999.0 -9999.0 -9999.0 -9999.0 -9999.0 -9999.0 -9999.0 -9999.0 -9999.0 -9999.0
63.649538754051406 48.990913098429786 229.7636416907262 205.523424501068 190.92280471986925 154.3589941756947 144.97205768733107 228.81407483429035 270.0 270.0 227.06381972845696 183.46018322898647 185.58986895982778 195.35013649242444 193.5479389880005 170.39479584498707 148.3392489033634 139.7244516971709 133.9190758133393 104.28109573597081 84.15543412261312 109.53665493812838 131.14936117608926 134.51853419416165 203.31770838675504 246.03751102542182 237.75753216087668 72.8380811971347 58.55719292953563 58.84069549165562 72.34987578006988 198.97040780848653 189.94057303311303 192.99461679191648 295.82099197418927 -9999.0 -9999.0 -9999.0 -9999.0 -9999.0 -9999.0 -9999.0 -9999.0 -9999.0 -9999.0 -9999.0 -9999.0 -9999.0 -9999.0 -9999.0 -9999.0 -9999.0
58.431028870681644 52.650650955359396 100.43747535111817 180.55625222708068 201.96056402009646 156.92958775017536 148.49573328079583 271.1852608186224 273.0393995689269 243.95423169951118 182.93567344642116 177.70938995736148 192.94262426579456 203.5371140752802 208.2542494616799 192.40741852740075 131.68221883166515 119.2752542772526 138.96465472285612 156.80140948635182 119.68718163919368 114.05252941304886 132.99044618697886 150.80251395393555 206.42765148959268 234.21102654081665 205.45145056764494 160.36740446246958 131.32550047917036 100.49147701233159 92.65419551340662 135.0 287.0205256115199 310.7946429982914 310.23635830927384 -9999.0 -9999.0 -9999.0 -9999.0 -9999.0 -9999.0 -9999.0 -9999.0 -9999.0 -9999.0 -9999.0 -9999.0 -9999.0 -9999.0 -9999.0 -9999.0 -9999.0
107.87869659584135 102.05078488340956 100.05433559999435 135.95484125387222 192.92599912470595 173.75808565258495 221.69813432556498 269.34893961977053 253.10135130596177 189.21102654081668 175.74115387782967 186.56876412182112 197.24145939893998 214.5483670560113 230.5993393365206 234.75242494165377 111.644435140714 104.51105950016907 124.5741914741152 163.72613066530437 158.31770838675507 123.4325601384009 120.82485794474752 146.38642879640918 213.4653793463553 224.38061029678187 196.15733986458793 169.8006705012875 165.96375653207355 153.16595652922553 125.35195468390185 270.0 304.89496363496204 325.2397746290401 306.94316586615344 -9999.0 -9999.0 -9999.0 -9999.0 -9999.0 -9999.0 -9999.0 -9999.0 -9999.0 -9999.0 -9999.0 -9999.0 -9999.0 -9999.0 -9999.0 -9999.0 -9999.0
143.53076560994813 138.4893249057964 110.22485943116808 104.89869543440031 156.63088683651793 206.28826212490023 264.1226073933569 267.31022967684953 201.99112991717715 167.96940390346214 181.53160779201102 188.3929251873925 205.70995378081125 240.17291534552527 265.0136662287645 274.1275917025117 91.73570458892837 91.21887523513129 94.83440630626328 125.94927832281627 157.8736651906267 137.3037603246002 119.24882633654698 135.89517371021108 219.6022512235196 230.0956999195586 195.843082117687 163.00917670801385 169.26110289909457 161.16156644201925 133.26429541107163 289.17900802581073 282.8398566593951 270.7848246029919 -9999.0 -9999.0 -9999.0 -9999.0 -9999.0 -9999.0 -9999.0 -9999.0 -9999.0 -9999.0 -9999.0 -9999.0 -9999.0 -9999.0 -9999.0 -9999.0 -9999.0 -9999.0
