result/filled_dem_output.asc
nrows         236
ncols         218
xllcorner     466515.47101027
yllcorner     2626221.2241437
cellsize      90.0
NODATA_value  -9999.0
[rows 93 to 123 of 236, columns 70 to 139 of 218]
309.0 328.0 354.0 367.0 389.0 413.0 423.0 435.0 449.0 434.0 425.0 427.0 423.0 399.0 396.4000000000001 412.0 420.0 432.0 453.0 454.0 452.0 470.0 486.0 497.0 492.0 479.0 463.0 469.0 477.0 481.0 484.0 470.0 453.0 436.0 420.0 399.0 389.0 383.0 401.0 419.0 439.0 436.0 403.0 386.0 386.0 388.0 418.0 456.0 488.0 500.0 493.0 475.0 459.0 432.0 386.0 382.0 370.0 350.0 335.0 356.0 361.0 374.0 375.0 374.0 374.0 391.0 414.0 -9999.0 -9999.0 -9999.0
338.0 350.0 363.0 373.0 387.0 410.0 420.0 421.0 447.0 436.0 440.0 441.0 428.0 406.0 396.30000000000007 411.0 423.0 443.0 467.0 471.0 462.0 462.0 479.0 475.0 453.0 448.0 446.0 468.0 477.0 477.0 477.0 462.0 436.0 416.0 401.0 375.0 368.0 400.0 413.0 419.0 422.0 409.0 391.0 366.0 359.0 386.0 417.0 446.0 462.0 476.0 465.0 445.0 441.0 425.0 403.0 397.0 389.0 355.0 325.0 332.0 343.0 345.0 348.0 354.0 378.0 390.0 394.0 -9999.0 -9999.0 -9999.0
357.0 361.0 367.0 376.0 384.0 402.0 411.0 411.0 426.0 442.0 436.0 436.0 414.0 396.20000000000005 396.30000000000007 419.0 424.0 445.0 471.0 482.0 471.0 475.0 479.0 473.0 457.0 438.0 432.0 457.0 459.0 454.0 453.0 436.0 422.0 403.0 384.0 367.0 363.0 395.0 386.0 391.0 392.0 371.0 360.0 344.0 367.0 391.0 408.0 419.0 455.0 468.0 456.0 428.0 422.0 424.0 400.0 377.0 381.0 361.0 332.0 324.5000000000001 324.5000000000001 336.0 353.0 381.0 411.0 418.0 406.0 -9999.0 -9999.0 -9999.0
350.0 363.0 371.0 385.0 385.0 398.0 401.0 398.0 412.0 426.0 432.0 413.0 396.1 405.0 406.0 416.0 426.0 442.0 460.0 471.0 466.0 465.0 464.0 463.0 452.0 439.0 431.0 438.0 438.0 438.0 426.0 422.0 407.0 380.0 357.0 354.0 338.0 356.0 360.0 378.0 367.0 345.0 330.0 342.0 366.0 393.0 411.0 440.0 457.0 456.0 440.0 419.0 401.0 404.0 395.0 366.0 354.0 345.0 324.4000000000001 324.4000000000001 324.5000000000001 350.0 374.0 408.0 435.0 432.0 411.0 418.0 -9999.0 -9999.0
355.0 375.0 380.0 381.0 391.0 401.0 402.0 389.0 389.0 410.0 412.0 397.0 396.0 421.0 417.0 420.0 435.0 446.0 464.0 477.0 459.0 444.0 447.0 435.0 430.0 438.0 420.0 421.0 422.0 410.0 401.0 401.0 396.0 383.0 348.0 325.0 320.0 336.0 348.0 353.0 345.0 320.0 319.0 347.0 378.0 405.0 432.0 456.0 442.0 417.0 401.0 404.0 393.0 386.0 384.0 354.0 326.0 324.30000000000007 324.30000000000007 330.0 347.0 375.0 410.0 441.0 459.0 448.0 422.0 426.0 -9999.0 -9999.0
354.0 381.0 377.0 378.0 391.0 399.0 398.0 393.0 385.0 385.0 384.0 384.0 405.0 427.0 419.0 424.0 436.0 450.0 472.0 484.0 467.0 440.0 426.0 425.0 428.0 436.0 419.0 427.0 421.0 405.0 373.0 360.0 383.0 389.0 351.0 329.0 312.0 318.0 323.0 321.0 313.0 306.1 326.0 352.0 370.0 397.0 423.0 451.0 432.0 396.0 382.0 382.0 378.0 363.0 372.0 345.0 324.20000000000005 324.20000000000005 324.30000000000007 339.0 357.0 405.0 436.0 460.0 464.0 451.0 433.0 -9999.0 -9999.0 -9999.0
360.0 383.0 387.0 390.0 397.0 395.0 401.0 395.0 383.0 369.0 378.0 388.0 404.0 418.0 422.0 444.0 452.0 449.0 462.0 473.0 452.0 437.0 419.0 418.0 425.0 418.0 401.0 406.0 394.0 374.0 341.1 342.0 384.0 399.0 374.0 349.0 324.0 291.0 293.0 294.0 306.0 313.0 322.0 339.0 363.0 390.0 425.0 446.0 426.0 418.0 397.0 373.0 348.0 346.0 358.0 334.0 324.1 324.20000000000005 324.30000000000007 335.0 359.0 388.0 423.0 446.0 457.0 455.0 -9999.0 -9999.0 -9999.0 -9999.0
341.0 357.0 374.0 387.0 403.0 409.0 386.0 381.0 368.20000000000005 368.30000000000007 381.0 399.0 401.0 405.0 418.0 434.0 415.0 419.0 428.0 449.0 444.0 434.0 415.0 399.0 383.0 367.0 354.0 349.0 345.0 350.0 341.0 361.0 382.0 385.0 385.0 369.0 357.0 323.0 288.0 287.0 302.0 332.0 357.0 370.0 394.0 411.0 404.0 371.0 360.0 384.0 391.0 368.0 341.0 309.0 311.0 324.0 344.0 372.0 364.0 382.0 405.0 407.0 423.0 444.0 464.0 -9999.0 -9999.0 -9999.0 -9999.0 -9999.0
347.0 364.0 384.0 392.0 392.0 406.0 387.0 368.1 370.0 380.0 386.0 407.0 414.0 418.0 417.0 422.0 402.0 406.0 410.0 430.0 424.0 414.0 407.0 403.0 385.0 369.0 342.0 322.1 322.0 332.0 327.0 358.0 366.0 356.0 364.0 363.0 348.0 301.0 285.5000000000001 285.5000000000001 307.0 340.0 374.0 391.0 383.0 376.0 367.0 336.0 332.0 354.0 361.0 350.0 338.0 307.1 320.0 334.0 352.0 373.0 376.0 400.0 423.0 425.0 447.0 472.0 490.0 -9999.0 -9999.0 -9999.0 -9999.0 -9999.0
350.0 362.0 377.0 381.0 383.0 401.0 374.0 368.0 384.0 392.0 399.0 410.0 412.0 409.0 411.0 414.0 403.0 393.0 392.0 398.0 406.0 393.0 378.0 382.0 369.0 355.0 343.0 331.0 326.0 319.0 325.0 343.0 350.0 336.0 327.0 330.0 315.0 285.4000000000001 285.4000000000001 289.0 318.0 357.0 383.0 401.0 364.0 332.0 331.0 315.0 318.0 339.0 333.0 320.0 311.0 307.0 341.0 341.0 334.1 343.0 370.0 416.0 428.0 448.0 475.0 504.0 -9999.0 -9999.0 -9999.0 -9999.0 -9999.0 -9999.0
346.0 363.0 376.0 373.0 370.0 370.0 357.20000000000005 374.0 393.0 406.0 413.0 405.0 384.0 386.0 398.0 417.0 417.0 401.0 387.0 378.0 389.0 377.0 363.0 358.0 364.0 357.0 368.0 369.0 349.0 328.0 300.0 313.0 332.0 339.0 305.0 298.0 285.4000000000001 285.30000000000007 285.30000000000007 294.0 320.0 346.0 370.0 393.0 367.0 319.0 303.0 303.0 313.0 309.0 305.0 292.1 292.20000000000005 311.0 345.0 355.0 337.0 344.0 368.0 398.0 403.0 437.0 470.0 497.0 -9999.0 -9999.0 -9999.0 -9999.0 -9999.0 -9999.0
333.0 362.0 369.0 358.0 357.0 357.1 364.0 390.0 401.0 411.0 395.0 377.0 371.0 381.0 395.0 422.0 413.0 393.0 375.0 362.0 373.0 378.0 358.0 341.0 340.0 353.0 375.0 376.0 362.0 343.0 290.0 310.0 331.0 315.0 289.0 285.5000000000001 285.4000000000001 285.30000000000007 285.20000000000005 285.20000000000005 303.0 321.0 365.0 383.0 371.0 339.0 321.0 295.0 291.0 302.0 292.0 292.1 303.0 316.0 339.0 369.0 369.0 356.0 351.0 378.0 399.0 429.0 452.0 488.0 -9999.0 -9999.0 -9999.0 -9999.0 -9999.0 -9999.0
301.0 339.0 357.0 353.0 371.0 393.0 403.0 412.0 409.0 400.0 384.0 370.0 369.0 384.0 394.0 420.0 416.0 392.0 364.0 356.0 360.0 377.0 373.0 341.0 330.0 356.0 373.0 357.0 352.0 333.0 288.0 303.0 322.0 299.0 285.60000000000014 285.5000000000001 298.0 290.0 285.20000000000005 285.1 289.0 288.0 324.0 361.0 351.0 327.0 306.0 280.0 282.0 289.0 305.0 322.0 342.0 335.0 328.0 354.0 379.0 373.0 366.0 391.0 394.0 413.0 440.0 481.0 501.0 -9999.0 -9999.0 -9999.0 -9999.0 -9999.0
291.0 325.0 332.0 342.0 368.0 397.0 407.0 405.0 396.0 386.0 370.0 359.0 384.0 404.0 409.0 404.0 401.0 400.0 385.0 354.0 344.0 360.0 366.0 333.0 327.30000000000007 354.0 369.0 350.0 336.0 341.0 287.1 289.0 299.0 285.70000000000016 293.0 310.0 348.0 325.0 305.0 296.0 285.0 279.20000000000005 289.0 319.0 317.0 295.0 268.20000000000005 268.20000000000005 284.0 305.0 330.0 339.0 360.0 350.0 340.0 352.0 379.0 373.0 366.1 391.0 394.0 413.0 440.0 481.0 501.0 -9999.0 -9999.0 -9999.0 -9999.0 -9999.0
302.0 329.0 329.0 346.0 368.0 385.0 386.0 383.0 385.0 374.0 355.1 367.0 388.0 400.0 395.0 393.1 393.0 380.1 388.0 369.0 333.1 339.0 332.0 327.20000000000005 327.20000000000005 354.0 373.0 350.0 315.1 323.0 287.0 289.0 299.0 285.8000000000002 293.0 310.0 348.0 325.0 305.0 296.0 285.0 279.1 289.0 319.0 317.0 295.0 268.1 268.20000000000005 284.0 305.0 330.0 339.0 360.0 350.0 340.1 352.0 378.0 390.0 388.0 413.0 411.0 429.0 454.0 484.0 512.0 -9999.0 -9999.0 -9999.0 -9999.0 -9999.0
298.0 311.0 334.0 350.0 362.0 377.0 389.0 373.0 385.0 374.0 355.0 367.0 388.0 400.0 395.0 393.0 393.0 380.0 388.0 369.0 333.0 339.0 332.0 327.1 327.1 354.0 373.0 350.0 315.0 323.0 290.0 286.0000000000002 285.9000000000002 291.0 312.0 349.0 400.0 371.0 340.0 328.0 315.0 290.0 279.0 287.0 280.0 268.0 268.1 292.0 319.0 334.0 353.0 375.0 386.0 380.0 385.0 387.0 401.0 420.0 425.0 446.0 448.0 455.0 484.0 510.0 524.0 -9999.0 -9999.0 -9999.0 -9999.0 -9999.0
298.0 311.0 334.0 350.0 362.0 377.0 389.0 373.0 369.0 364.0 354.0 377.0 388.0 393.0 379.0 363.0 369.0 358.0 372.0 369.0 340.0 331.1 331.0 336.0 327.0 341.0 355.0 337.0 314.0 309.0 287.0 294.0 313.0 327.0 339.0 382.0 403.0 362.0 334.0 318.0 307.0 282.0 265.9000000000002 273.0 265.9000000000002 276.0 299.0 328.0 355.0 366.0 381.0 405.0 413.0 415.0 420.0 426.0 420.0 428.0 430.0 470.0 492.0 509.0 521.0 525.0 529.0 -9999.0 -9999.0 -9999.0 -9999.0 -9999.0
293.0 309.0 327.0 338.0 351.0 373.0 376.0 357.0 342.0 339.0 351.0 368.0 390.0 389.0 371.0 351.0 347.0 346.0 359.0 368.0 357.0 345.0 341.0 333.0 319.0 328.0 339.0 328.0 304.0 292.0 301.0 313.0 336.0 361.0 386.0 407.0 392.0 353.0 317.0 291.0 285.0 273.0 265.8000000000002 269.0 265.8000000000002 296.0 326.0 350.0 354.0 358.0 381.0 387.0 387.0 390.0 398.0 403.0 385.0 396.0 386.0 453.0 505.0 520.0 509.0 512.0 528.0 -9999.0 -9999.0 -9999.0 -9999.0 -9999.0
289.0 302.0 321.0 336.0 361.0 377.0 371.0 349.0 333.1 353.0 365.0 372.0 384.0 383.0 363.0 347.0 343.60000000000014 343.5000000000001 344.0 357.0 367.0 362.0 364.0 345.0 314.0 306.0 311.0 302.0 292.1 298.0 332.0 338.0 349.0 375.0 392.0 387.0 386.0 358.0 326.0 292.0 268.0 265.70000000000016 265.70000000000016 265.70000000000016 274.0 304.0 318.0 322.0 318.0 344.0 360.0 349.0 353.0 354.0 384.0 376.0 353.0 360.0 376.0 445.0 486.0 503.0 487.0 496.0 523.0 553.0 -9999.0 -9999.0 -9999.0 -9999.0
284.0 306.0 329.0 341.0 357.0 362.0 361.0 333.0 337.0 374.0 385.0 381.0 372.0 371.0 363.0 343.70000000000016 357.0 349.0 343.4000000000001 350.0 367.0 382.0 377.0 349.0 322.0 306.0 299.0 292.20000000000005 292.20000000000005 311.0 366.0 376.0 370.0 363.0 363.0 376.0 386.0 367.0 328.0 290.0 265.8000000000002 265.70000000000016 265.60000000000014 265.60000000000014 281.0 287.0 287.0 291.0 303.0 335.0 334.0 316.0 320.0 356.0 375.0 352.0 339.0 359.0 388.0 447.0 475.0 480.0 476.0 502.0 536.0 560.0 -9999.0 -9999.0 -9999.0 -9999.0
270.0 299.0 328.0 348.0 351.0 331.0 324.0 329.0 360.0 380.0 378.0 372.0 363.0 356.0 357.0 349.0 344.0 356.0 343.30000000000007 345.0 365.0 374.0 377.0 357.0 323.0 308.0 297.0 295.0 304.0 324.0 371.0 363.0 350.0 330.0 343.0 372.0 349.0 341.0 324.0 292.0 268.0 265.70000000000016 265.60000000000014 265.5000000000001 265.5000000000001 265.5000000000001 265.5000000000001 273.0 295.0 310.0 304.0 293.0 324.0 356.0 348.0 333.0 352.0 383.0 402.0 450.0 458.0 457.0 467.0 500.0 522.0 536.0 -9999.0 -9999.0 -9999.0 -9999.0
279.0 301.0 326.0 338.0 333.0 309.1 319.0 349.0 375.0 376.0 370.0 370.0 357.0 349.20000000000005 349.1 349.0 346.0 343.4000000000001 343.30000000000007 343.20000000000005 343.1 356.0 375.0 361.0 328.0 299.0 295.1 295.1 311.0 338.0 351.0 334.0 328.0 315.0 340.0 358.0 325.0 315.0 301.0 282.0 265.8000000000002 265.70000000000016 265.60000000000014 265.5000000000001 265.4000000000001 265.4000000000001 265.4000000000001 283.0 291.0 279.0 271.0 297.0 320.0 327.0 317.0 340.0 377.0 404.0 414.0 437.0 441.0 448.0 470.0 492.0 503.0 526.0 529.0 -9999.0 -9999.0 -9999.0
261.0 283.0 304.0 308.0 309.0 310.0 332.0 359.0 362.0 344.0 338.0 355.0 353.0 353.0 353.0 350.0 347.0 345.0 343.30000000000007 343.20000000000005 343.1 343.0 348.0 346.0 330.0 299.0 296.0 315.0 336.0 355.0 330.0 318.0 304.0 307.0 326.0 338.0 311.0 297.0 280.0 266.0 276.0 289.0 275.0 269.0 265.4000000000001 265.30000000000007 266.0 285.0 291.0 279.0 269.0 290.0 296.0 315.0 339.0 368.0 390.0 390.0 389.0 429.0 430.0 444.0 463.0 481.0 499.0 499.0 485.0 476.0 -9999.0 -9999.0
252.0 261.0 277.0 284.0 304.0 325.0 345.0 350.0 322.0 302.0 314.0 346.0 360.0 365.0 359.0 357.0 345.1 345.0 357.0 359.0 364.0 359.0 335.0 323.0 318.0 307.0 318.0 338.0 362.0 365.0 319.0 313.0 301.0 296.1 313.0 320.0 300.0 282.0 272.0 284.0 309.0 312.0 297.0 292.0 285.0 267.0 265.20000000000005 265.1 265.1 265.1 282.0 298.0 315.0 343.0 374.0 395.0 392.0 357.0 355.0 414.0 414.0 434.0 444.0 468.0 465.0 449.0 446.0 452.0 -9999.0 -9999.0
242.0 248.0 252.0 271.0 302.0 326.0 330.0 305.0 278.0 291.0 315.0 342.0 364.0 358.0 349.0 347.0 346.0 345.1 370.0 375.0 373.0 364.0 346.0 326.0 313.0 319.0 328.0 345.0 365.0 354.0 318.0 305.0 296.0 301.0 309.0 295.0 281.0 279.0 290.0 301.0 323.0 338.0 322.0 325.0 310.0 273.0 265.20000000000005 265.1 265.0 265.0 291.0 309.0 321.0 345.0 360.0 354.0 340.0 323.0 363.0 387.0 397.0 418.0 424.0 422.0 419.0 428.0 453.0 474.0 -9999.0 -9999.0
232.0 230.0 259.0 282.0 296.0 298.0 287.0 271.0 271.0 299.0 327.0 356.0 374.0 368.0 350.0 345.30000000000007 345.20000000000005 357.0 381.0 374.0 364.0 347.0 336.0 323.0 326.0 339.0 327.0 346.0 362.0 348.0 317.0 322.0 309.0 290.0 282.0 281.1 290.0 307.0 325.0 312.0 316.0 342.0 355.0 354.0 314.0 285.0 276.0 290.0 275.0 254.0 267.0 283.0 312.0 315.0 305.0 302.0 288.0 290.0 342.0 356.0 368.0 373.0 387.0 397.0 423.0 459.0 496.0 519.0 -9999.0 -9999.0
208.0 225.0 246.0 258.0 266.0 262.0 253.0 246.0 273.0 294.0 326.0 363.0 393.0 392.0 358.0 358.0 352.0 375.0 392.0 380.0 367.0 348.0 345.0 337.0 347.0 357.0 338.0 331.0 342.0 341.0 327.0 330.0 301.0 305.0 306.0 295.0 308.0 324.0 347.0 347.0 335.0 343.0 363.0 357.0 337.0 315.0 301.0 293.0 272.0 251.1 252.0 282.0 293.0 281.0 266.0 266.0 264.0 282.0 327.0 321.0 340.0 361.0 380.0 408.0 450.0 493.0 534.0 558.0 -9999.0 -9999.0
200.0 213.0 229.0 243.0 239.0 231.0 233.0 258.0 289.0 314.0 344.0 380.0 411.0 404.0 381.0 389.0 371.0 383.0 400.0 378.0 365.0 359.0 350.0 357.0 361.0 360.0 346.0 333.0 349.0 358.0 333.0 317.0 307.0 321.0 327.0 308.0 334.0 351.0 375.0 377.0 378.0 367.0 371.0 374.0 344.0 323.0 308.0 298.0 291.0 275.0 251.0 255.0 253.0 251.0 251.1 251.2 261.0 287.0 298.0 321.0 355.0 391.0 415.0 438.0 478.0 525.0 564.0 589.0 -9999.0 -9999.0
198.0 214.0 222.0 218.0 209.0 213.0 228.0 265.0 295.0 332.0 370.0 410.0 423.0 410.0 396.0 401.0 387.0 386.0 390.0 381.0 375.0 373.0 376.0 367.0 360.0 357.0 344.0 352.0 368.0 360.0 331.0 314.0 321.0 322.0 334.0 337.0 349.0 366.0 388.0 402.0 394.0 386.0 378.0 372.0 362.0 348.0 339.0 334.0 314.0 290.0 264.0 242.2 242.29999999999998 260.0 280.0 276.0 275.0 275.0 301.0 332.0 383.0 431.0 471.0 496.0 530.0 571.0 609.0 -9999.0 -9999.0 -9999.0
185.0 191.0 197.0 197.0 207.0 234.0 260.0 283.0 314.0 345.0 379.0 420.0 428.0 416.0 382.0 384.0 383.0 368.0 372.0 384.0 386.0 383.0 367.0 356.1 356.0 358.0 359.0 360.0 367.0 359.0 332.0 325.0 327.0 331.0 333.0 333.0 349.0 374.0 387.0 379.0 377.0 362.0 350.0 333.0 328.0 336.0 359.0 349.0 310.0 262.0 242.1 242.2 260.0 281.0 279.0 259.0 254.0 269.0 329.0 366.0 414.0 463.0 492.0 543.0 567.0 598.0 -9999.0 -9999.0 -9999.0 -9999.0
182.49999999999974 190.0 194.0 202.0 215.0 239.0 269.0 309.0 340.0 359.0 386.0 411.0 425.0 412.0 378.0 369.0 376.0 367.5000000000001 374.0 381.0 389.0 388.0 365.0 356.1 360.0 350.1 353.0 363.0 373.0 367.0 351.0 345.0 332.0 334.0 331.1 331.20000000000005 344.0 365.0 375.0 348.0 345.0 333.0 330.0 308.0 304.0 315.0 339.0 314.0 280.0 242.0 247.0 268.0 273.0 258.0 245.0 248.0 272.0 302.0 357.0 397.0 443.0 486.0 515.0 546.0 576.0 -9999.0 -9999.0 -9999.0 -9999.0 -9999.0
