result/filled_dem_output.asc
nrows         236
ncols         218
xllcorner     466515.47101027
yllcorner     2626221.2241437
cellsize      90.0
NODATA_value  -9999.0
[rows 62 to 92 of 236, columns 70 to 139 of 218]
-9999.0 -9999.0 -9999.0 -9999.0 -9999.0 -9999.0 -9999.0 -9999.0 -9999.0 -9999.0 -9999.0 -9999.0 -9999.0 -9999.0 -9999.0 -9999.0 -9999.0 -9999.0 -9999.0 -9999.0 566.0 581.0 579.0 572.0 578.0 595.0 592.0 607.0 621.0 632.0 635.0 656.0 669.0 696.0 726.0 765.0 803.0 816.0 779.0 776.0 776.0 780.0 756.0 729.0 722.0 710.0 675.0 650.0 628.0 617.0 615.0 628.0 -9999.0 -9999.0 -9999.0 -9999.0 -9999.0 -9999.0 -9999.0 -9999.0 -9999.0 -9999.0 -9999.0 -9999.0 -9999.0 -9999.0 -9999.0 -9999.0 -9999.0 -9999.0
512.0 515.0 -9999.0 -9999.0 -9999.0 -9999.0 -9999.0 -9999.0 -9999.0 -9999.0 -9999.0 -9999.0 -9999.0 -9999.0 -9999.0 -9999.0 -9999.0 -9999.0 -9999.0 -9999.0 535.0 542.0 550.0 554.0 571.0 575.0 579.0 604.0 618.0 618.0 651.0 672.0 698.0 722.0 750.0 781.0 808.0 797.0 753.0 739.0 736.0 747.0 736.0 704.0 699.0 702.0 674.0 639.0 619.0 595.0 584.0 602.0 610.0 -9999.0 -9999.0 -9999.0 -9999.0 -9999.0 -9999.0 -9999.0 -9999.0 -9999.0 -9999.0 -9999.0 -9999.0 -9999.0 -9999.0 -9999.0 -9999.0 -9999.0
485.0 488.0 490.0 483.0 -9999.0 -9999.0 -9999.0 -9999.0 -9999.0 -9999.0 -9999.0 -9999.0 -9999.0 -9999.0 -9999.0 -9999.0 -9999.0 -9999.0 -9999.0 506.0 506.0 511.0 526.0 536.0 541.0 548.0 566.0 581.0 603.0 621.0 673.0 702.0 734.0 759.0 777.0 773.0 769.0 760.0 721.0 717.0 710.0 717.0 704.0 682.0 664.0 671.0 673.0 651.0 612.0 585.0 583.0 581.0 579.0 -9999.0 -9999.0 -9999.0 -9999.0 -9999.0 -9999.0 -9999.0 -9999.0 -9999.0 -9999.0 -9999.0 -9999.0 -9999.0 -9999.0 -9999.0 -9999.0 -9999.0
466.0 468.0 461.0 456.0 454.0 -9999.0 -9999.0 -9999.0 -9999.0 -9999.0 -9999.0 -9999.0 -9999.0 -9999.0 -9999.0 -9999.0 -9999.0 -9999.0 493.0 495.0 499.0 513.0 510.0 523.0 519.0 522.0 530.0 543.0 583.0 603.0 681.0 711.0 747.0 758.0 756.0 745.0 733.0 720.0 698.0 688.0 684.0 693.0 683.0 660.0 639.0 636.0 648.0 654.0 613.0 584.0 573.0 561.0 566.0 563.0 -9999.0 -9999.0 -9999.0 -9999.0 -9999.0 -9999.0 -9999.0 -9999.0 -9999.0 -9999.0 -9999.0 -9999.0 -9999.0 -9999.0 -9999.0 -9999.0
454.0 454.0 444.0 439.0 452.0 -9999.0 -9999.0 -9999.0 -9999.0 -9999.0 -9999.0 -9999.0 -9999.0 -9999.0 -9999.0 -9999.0 -9999.0 480.0 479.0 485.0 501.0 500.0 488.0 495.0 497.0 490.0 515.0 528.0 561.0 597.0 678.0 699.0 710.0 710.0 710.0 708.0 695.0 688.0 679.0 672.0 672.0 666.0 646.0 631.0 624.0 607.0 621.0 638.0 620.0 579.0 556.0 546.0 554.0 548.0 -9999.0 -9999.0 -9999.0 -9999.0 -9999.0 -9999.0 -9999.0 -9999.0 -9999.0 -9999.0 -9999.0 -9999.0 -9999.0 -9999.0 -9999.0 -9999.0
440.0 438.0 439.0 438.1 448.0 -9999.0 -9999.0 -9999.0 -9999.0 -9999.0 -9999.0 -9999.0 -9999.0 -9999.0 -9999.0 -9999.0 473.0 471.0 475.0 474.0 495.0 494.0 474.0 478.0 484.0 489.0 500.0 523.0 563.0 599.0 669.0 673.0 672.0 668.0 667.0 668.0 667.0 663.0 652.0 642.0 641.0 642.0 621.0 605.0 607.0 591.0 580.0 599.0 603.0 583.0 549.0 536.0 530.0 531.0 543.0 -9999.0 -9999.0 -9999.0 -9999.0 -9999.0 -9999.0 -9999.0 -9999.0 -9999.0 -9999.0 -9999.0 -9999.0 -9999.0 -9999.0 -9999.0
440.0 433.1 440.0 438.0 451.0 458.0 -9999.0 -9999.0 -9999.0 -9999.0 -9999.0 -9999.0 -9999.0 -9999.0 -9999.0 -9999.0 459.0 473.0 471.0 476.0 477.0 475.0 465.0 473.0 486.0 487.0 492.0 519.0 556.0 598.0 641.0 639.0 639.0 635.0 621.0 628.0 632.0 630.0 617.0 613.0 617.0 628.0 617.0 610.0 588.0 570.0 564.0 566.0 575.0 584.0 562.0 531.0 516.0 521.0 528.0 -9999.0 -9999.0 -9999.0 -9999.0 -9999.0 -9999.0 -9999.0 -9999.0 -9999.0 -9999.0 -9999.0 -9999.0 -9999.0 -9999.0 -9999.0
442.0 433.0 439.0 434.0 440.0 453.0 472.0 -9999.0 -9999.0 -9999.0 -9999.0 -9999.0 -9999.0 -9999.0 -9999.0 469.0 454.0 456.0 456.1 464.0 473.0 457.0 466.0 474.0 471.0 476.0 495.0 522.0 559.0 582.0 611.0 621.0 612.0 613.0 602.0 601.0 605.0 620.0 595.0 593.0 601.0 618.0 618.0 600.0 577.0 557.0 555.0 544.0 546.0 565.0 567.0 543.0 516.0 504.0 517.0 523.0 -9999.0 -9999.0 -9999.0 -9999.0 -9999.0 -9999.0 -9999.0 -9999.0 -9999.0 -9999.0 -9999.0 -9999.0 -9999.0 -9999.0
442.0 434.0 432.0 441.0 446.0 451.0 468.0 466.0 -9999.0 -9999.0 -9999.0 -9999.0 -9999.0 475.0 468.0 458.0 452.30000000000007 458.0 471.0 469.0 462.0 449.0 460.0 460.0 468.0 488.0 514.0 535.0 562.0 572.0 596.0 603.0 598.0 587.0 584.0 579.0 580.0 594.0 594.0 576.0 580.0 591.0 584.0 577.0 557.0 543.0 539.0 529.0 534.0 552.0 543.0 530.0 524.0 506.0 496.0 495.0 506.0 -9999.0 -9999.0 -9999.0 -9999.0 -9999.0 -9999.0 -9999.0 -9999.0 -9999.0 -9999.0 -9999.0 -9999.0 -9999.0
439.0 436.0 431.60000000000014 437.0 436.0 446.0 448.0 463.0 487.0 494.0 484.0 478.0 473.0 474.0 463.0 452.20000000000005 452.20000000000005 457.0 468.0 459.0 448.20000000000005 448.20000000000005 454.0 472.0 494.0 516.0 531.0 544.0 567.0 586.0 590.0 584.0 588.0 581.0 563.0 562.0 566.0 578.0 589.0 570.0 559.0 559.0 559.0 558.0 543.0 540.0 529.0 514.0 529.0 542.0 526.0 521.0 521.0 512.0 494.0 483.0 490.0 -9999.0 -9999.0 -9999.0 -9999.0 -9999.0 -9999.0 -9999.0 -9999.0 -9999.0 -9999.0 -9999.0 -9999.0 -9999.0
433.0 443.0 431.60000000000014 431.5000000000001 435.0 440.0 443.0 461.0 471.0 472.0 466.0 471.0 460.0 458.0 453.0 452.1 462.0 473.0 457.0 448.1 448.1 448.20000000000005 465.0 486.0 515.0 540.0 558.0 562.0 575.0 589.0 575.0 570.0 571.0 582.0 572.0 562.0 553.0 559.0 562.0 559.0 542.0 541.0 537.0 551.0 549.0 530.0 510.0 503.0 522.0 531.0 524.0 505.0 514.0 502.0 493.0 491.0 482.0 482.0 -9999.0 -9999.0 -9999.0 -9999.0 -9999.0 -9999.0 -9999.0 -9999.0 -9999.0 -9999.0 -9999.0 -9999.0
430.0 446.0 440.0 437.0 431.4000000000001 431.4000000000001 437.0 448.0 446.0 448.0 452.0 464.0 456.0 453.1 461.0 468.0 452.0 465.0 455.0 448.0 453.0 470.0 487.0 505.0 520.0 542.0 563.0 554.0 563.0 568.0 564.0 555.0 562.0 581.0 576.0 566.0 553.0 551.0 546.0 549.0 532.0 520.0 516.0 522.0 530.0 522.0 518.0 505.0 495.0 500.0 507.0 502.0 495.0 480.0 477.0 477.0 469.0 480.0 474.0 -9999.0 -9999.0 -9999.0 -9999.0 -9999.0 -9999.0 -9999.0 -9999.0 -9999.0 -9999.0 -9999.0
435.0 449.0 443.0 432.0 431.4000000000001 431.30000000000007 434.0 431.20000000000005 438.0 439.0 454.0 465.0 474.0 478.0 483.0 477.0 443.0 448.0 438.0 449.0 461.0 482.0 498.0 518.0 538.0 546.0 542.0 538.0 536.0 549.0 551.0 554.0 555.0 567.0 563.0 555.0 543.0 530.0 544.0 539.0 524.0 510.0 494.0 500.0 514.0 504.0 510.0 509.0 491.0 482.0 492.0 498.0 495.0 476.0 467.0 469.0 467.0 468.0 452.0 449.0 456.0 447.0 -9999.0 -9999.0 -9999.0 -9999.0 -9999.0 -9999.0 -9999.0 -9999.0
426.0 445.0 447.0 436.0 431.4000000000001 433.0 431.20000000000005 431.1 432.0 431.0 451.0 472.0 483.0 490.0 478.0 458.0 445.0 434.1 442.0 461.0 475.0 494.0 514.0 542.0 561.0 558.0 548.0 544.0 525.0 526.0 541.0 539.0 540.0 553.0 544.0 533.0 525.0 519.0 531.0 531.0 522.0 509.0 491.0 491.0 492.0 491.0 491.0 495.0 500.0 479.0 470.0 480.0 492.0 486.0 464.0 454.0 452.0 453.0 439.0 429.0 450.0 438.0 435.0 -9999.0 -9999.0 -9999.0 -9999.0 -9999.0 -9999.0 -9999.0
428.0 444.0 457.0 447.0 441.0 448.0 442.0 432.0 431.0 419.0 434.0 455.0 469.0 463.0 444.0 433.0 434.0 439.0 453.0 463.0 475.0 494.0 522.0 554.0 568.0 559.0 548.0 543.0 530.0 517.0 514.0 526.0 523.0 521.0 527.0 534.0 518.0 506.0 526.0 517.0 513.0 506.0 490.0 482.0 476.0 487.0 491.0 482.0 477.0 469.0 458.20000000000005 473.0 490.0 478.0 459.0 458.0 441.0 438.0 439.0 425.0 429.0 420.0 427.0 422.0 427.0 -9999.0 -9999.0 -9999.0 -9999.0 -9999.0
414.0 436.0 459.0 467.0 449.0 452.0 447.0 435.0 426.0 414.0 421.0 435.0 443.0 436.0 418.0 427.0 433.0 456.0 476.0 487.0 502.0 517.0 520.0 543.0 556.0 547.0 536.0 529.0 526.0 511.0 510.0 514.0 508.0 502.0 518.0 517.0 506.0 495.0 522.0 512.0 506.1 508.0 501.0 487.0 469.0 467.20000000000005 470.0 467.20000000000005 467.20000000000005 471.0 468.0 458.1 462.0 464.0 463.0 459.0 438.0 422.0 435.0 424.0 426.0 410.0 404.0 412.0 426.0 -9999.0 -9999.0 -9999.0 -9999.0 -9999.0
419.0 441.0 464.0 481.0 468.0 460.0 442.0 438.0 422.0 402.0 405.0 419.0 424.0 424.0 407.0 417.0 443.0 469.0 486.0 499.0 523.0 533.0 533.0 544.0 558.0 547.0 535.0 524.0 514.0 501.0 515.0 517.0 514.0 497.0 507.0 493.0 490.0 510.0 506.0 508.0 515.0 512.0 499.0 482.0 481.0 474.0 467.1 467.1 470.0 484.0 475.0 469.0 458.0 449.0 463.0 453.0 435.0 418.0 417.0 411.0 413.0 414.0 395.1 406.0 414.0 413.0 -9999.0 -9999.0 -9999.0 -9999.0
431.0 450.0 470.0 487.0 484.0 465.0 438.0 426.0 416.0 402.0 396.60000000000014 402.0 426.0 419.0 398.0 411.0 472.0 484.0 500.0 507.0 520.0 542.0 553.0 555.0 559.0 546.0 542.0 534.0 517.0 497.0 499.0 501.0 496.0 495.0 485.0 480.1 486.0 512.0 508.0 506.0 506.0 511.0 500.0 500.0 499.0 479.0 473.0 467.0 469.0 468.0 476.0 480.0 461.0 439.0 455.0 462.0 438.0 442.0 430.0 411.0 398.0 407.0 395.0 402.0 408.0 402.0 415.0 -9999.0 -9999.0 -9999.0
430.0 453.0 474.0 498.0 488.0 460.0 435.0 423.0 413.0 407.0 396.5000000000001 403.0 410.0 399.0 396.60000000000014 420.0 483.0 495.0 509.0 526.0 533.0 538.0 558.0 574.0 571.0 563.0 544.0 524.0 506.0 498.0 491.0 491.0 503.0 499.0 480.0 483.0 500.0 516.0 517.0 505.0 502.0 507.0 507.0 504.0 495.0 482.0 480.0 468.0 464.0 456.0 463.0 466.0 451.0 432.0 435.0 448.0 453.0 441.0 432.0 409.0 388.1 391.0 389.0 389.0 393.0 395.0 403.0 422.0 -9999.0 -9999.0
427.0 439.0 469.0 492.0 484.0 466.0 447.0 439.0 418.0 400.0 396.4000000000001 396.4000000000001 396.4000000000001 396.5000000000001 401.0 439.0 483.0 513.0 529.0 542.0 552.0 560.0 568.0 579.0 574.0 559.0 537.0 520.0 508.0 497.0 490.0 490.0 485.0 475.0 475.1 501.0 507.0 511.0 506.0 508.0 501.0 505.0 516.0 507.0 496.0 485.0 474.0 475.0 478.0 463.0 455.1 461.0 457.0 432.0 426.4000000000001 434.0 449.0 425.0 410.0 415.0 407.0 388.0 386.1 391.0 400.0 399.0 400.0 420.0 -9999.0 -9999.0
423.0 438.0 452.0 477.0 474.0 457.0 438.0 433.0 417.0 402.0 396.30000000000007 396.30000000000007 396.4000000000001 409.0 425.0 432.0 476.0 512.0 538.0 564.0 574.0 582.0 591.0 591.0 589.0 577.0 539.0 520.0 507.0 491.0 479.1 479.0 467.1 479.0 491.0 498.0 490.0 485.1 496.0 500.0 499.0 492.20000000000005 497.0 502.0 496.0 485.0 474.1 475.0 478.0 463.0 455.0 461.0 457.0 432.0 426.30000000000007 434.0 449.0 425.0 410.1 415.0 407.0 388.0 386.0 391.0 400.0 399.1 400.0 420.0 -9999.0 -9999.0
411.0 419.0 444.0 461.0 456.0 443.0 431.0 414.0 407.0 396.20000000000005 396.20000000000005 396.30000000000007 409.0 417.0 435.0 439.0 466.0 497.0 529.0 548.0 564.0 582.0 591.0 591.0 589.0 577.0 539.0 520.0 507.0 491.0 479.0 479.0 467.0 479.0 491.0 498.0 490.0 485.0 496.0 500.0 499.0 492.1 497.0 502.0 502.0 491.0 482.0 478.0 465.0 456.0 452.0 449.0 444.0 428.0 426.20000000000005 430.0 435.0 419.0 421.0 429.0 411.0 384.0 384.0 397.0 406.0 399.20000000000005 403.0 417.0 -9999.0 -9999.0
411.0 419.0 444.0 461.0 456.0 443.0 431.0 414.0 407.0 396.1 396.20000000000005 396.30000000000007 409.0 417.0 435.0 439.0 466.0 497.0 529.0 548.0 564.0 587.0 594.0 584.0 590.0 585.0 554.0 537.0 513.0 494.0 477.0 462.0 463.0 484.0 487.0 481.0 480.0 488.0 506.0 513.0 501.0 499.0 492.0 500.0 501.0 501.0 501.0 489.0 467.0 471.0 464.0 453.0 441.0 430.0 426.20000000000005 426.1 428.0 436.0 429.0 439.0 416.0 390.0 383.4000000000001 393.0 411.0 410.0 413.0 426.0 -9999.0 -9999.0
399.0 420.0 439.0 441.0 435.0 413.0 406.0 395.0 396.0 396.1 411.0 405.0 403.0 416.0 441.0 460.0 489.0 495.0 505.0 523.0 550.0 570.0 574.0 572.0 560.0 552.0 543.0 526.0 501.0 485.0 457.0 453.0 458.0 472.0 469.0 464.0 466.0 484.0 493.0 500.0 502.0 496.0 488.0 496.0 512.0 519.0 517.0 508.0 490.0 493.0 498.0 493.0 472.0 459.0 447.0 429.0 426.0 438.0 441.0 455.0 428.0 407.0 383.30000000000007 383.30000000000007 399.0 405.0 401.1 415.0 -9999.0 -9999.0
406.0 414.0 418.0 415.0 400.0 376.0 376.1 391.0 403.0 414.0 432.0 420.0 414.0 424.0 443.0 465.0 463.0 466.0 481.0 506.0 529.0 540.0 550.0 556.0 547.0 538.0 520.0 505.0 488.0 472.0 461.0 466.0 451.1 452.0 450.0 452.0 466.0 471.0 477.0 471.0 474.0 469.0 477.0 487.0 504.0 526.0 539.0 537.0 527.0 526.0 531.0 518.0 498.0 473.0 448.0 437.0 434.0 425.0 432.0 452.0 436.0 423.0 393.0 383.20000000000005 383.20000000000005 401.0 411.0 416.0 408.0 -9999.0
412.0 414.0 405.0 395.0 375.0 382.0 384.0 387.0 407.0 426.0 442.0 441.0 431.0 435.0 448.0 454.0 437.0 446.0 470.0 496.0 509.0 520.0 527.0 543.0 549.0 532.0 513.0 500.0 483.0 473.0 475.0 473.0 451.1 451.0 435.0 432.0 436.0 457.0 457.0 456.0 451.0 443.0 449.0 474.0 514.0 542.0 544.0 542.0 547.0 544.0 533.0 527.0 505.0 478.0 457.0 453.0 451.0 428.0 420.0 444.0 464.0 440.0 406.0 394.0 383.1 398.0 409.0 402.0 389.0 400.0
396.0 407.0 394.0 389.0 367.0 366.0 367.0 389.0 415.0 429.0 452.0 463.0 440.0 431.0 432.0 437.0 430.0 448.0 459.0 471.0 492.0 508.0 521.0 531.0 542.0 531.0 506.0 498.0 488.0 478.0 472.0 470.0 458.0 462.0 439.0 425.0 424.0 447.0 441.0 449.0 426.0 425.0 449.0 484.0 512.0 511.0 505.0 516.0 521.0 524.0 516.0 507.0 491.0 486.0 462.0 449.0 443.0 429.0 414.0 437.0 469.0 455.0 436.0 404.0 384.0 383.0 388.0 385.0 394.0 397.0
375.0 388.0 378.0 373.0 351.0 346.0 369.0 407.0 425.0 441.0 454.0 456.0 435.0 419.0 423.0 424.0 428.0 439.0 452.0 470.0 488.0 501.0 504.0 515.0 527.0 524.0 508.0 492.0 477.0 472.0 461.1 461.0 466.0 462.0 448.0 448.0 431.0 418.0 429.0 437.0 417.0 423.0 453.0 486.0 486.0 479.0 483.0 492.0 504.0 514.0 506.0 491.0 473.0 474.0 469.0 446.0 420.0 400.0 389.0 418.0 451.0 451.0 439.0 424.0 394.0 374.4000000000001 382.0 383.0 402.0 423.0
355.0 362.0 346.0 338.0 333.0 355.0 386.0 421.0 441.0 446.0 433.0 434.0 425.0 414.0 414.0 428.0 424.0 426.0 435.0 457.0 473.0 488.0 489.0 503.0 516.0 511.0 506.0 498.0 489.0 475.0 466.0 468.0 476.0 462.0 455.0 444.0 428.0 406.0 416.0 416.0 409.0 430.0 459.0 471.0 463.0 466.0 469.0 472.0 482.0 499.0 505.0 489.0 464.0 450.0 456.0 436.0 396.0 371.0 373.0 410.0 409.0 415.0 405.0 404.0 385.0 374.30000000000007 391.0 403.0 418.0 441.0
329.0 321.0 312.1 332.0 361.0 384.0 409.0 428.0 438.0 444.0 429.0 424.0 416.0 404.0 409.0 422.0 411.0 420.0 419.0 444.0 462.0 482.0 491.0 500.0 501.0 487.0 486.0 486.0 487.0 481.0 466.1 476.0 465.0 451.0 448.0 439.0 430.0 404.0 397.0 393.0 409.0 428.0 449.0 441.0 432.0 444.0 442.0 464.0 479.0 500.0 506.0 480.0 451.0 427.0 424.0 417.0 387.0 350.0 349.0 371.0 398.0 390.0 375.0 381.0 374.20000000000005 374.20000000000005 402.0 426.0 -9999.0 -9999.0
313.0 312.0 338.0 365.0 389.0 407.0 416.0 437.0 442.0 434.0 422.0 419.0 407.0 398.0 397.0 409.0 409.1 414.0 427.0 436.0 453.0 481.0 497.0 505.0 504.0 485.0 476.0 477.0 485.0 485.0 477.0 472.0 463.0 444.0 431.0 418.0 417.0 412.0 386.0 389.0 410.0 441.0 429.0 416.0 420.0 420.0 421.0 452.0 484.0 502.0 504.0 486.0 467.0 430.0 398.0 390.0 365.0 339.0 338.0 373.0 375.0 372.0 381.0 379.0 374.1 389.0 404.0 -9999.0 -9999.0 -9999.0
