result/filled_dem_output.asc
nrows         236
ncols         218
xllcorner     466515.47101027
yllcorner     2626221.2241437
cellsize      90.0
NODATA_value  -9999.0
[rows 124 to 154 of 236, columns 0 to 69 of 218]
-9999.0 -9999.0 -9999.0 -9999.0 -9999.0 -9999.0 -9999.0 -9999.0 -9999.0 -9999.0 -9999.0 -9999.0 -9999.0 -9999.0 -9999.0 -9999.0 -9999.0 -9999.0 -9999.0 -9999.0 -9999.0 -9999.0 -9999.0 -9999.0 -9999.0 -9999.0 486.0 470.0 455.0 430.0 419.0 412.0 399.0 397.0 394.1 405.0 416.0 401.0 391.0 365.0 352.0 349.0 346.0 354.0 362.0 357.0 342.0 356.0 382.0 364.0 353.0 358.0 370.0 365.0 351.0 327.0 324.0 322.0 293.0 273.0 262.0 241.0 204.0 193.0 185.0 182.39999999999975 182.39999999999975 182.39999999999975 182.39999999999975 182.39999999999975
-9999.0 -9999.0 -9999.0 -9999.0 -9999.0 -9999.0 -9999.0 -9999.0 -9999.0 -9999.0 -9999.0 -9999.0 -9999.0 -9999.0 -9999.0 -9999.0 -9999.0 -9999.0 -9999.0 -9999.0 -9999.0 -9999.0 -9999.0 -9999.0 -9999.0 492.0 484.0 474.0 449.0 429.0 420.0 411.0 414.0 396.0 398.0 405.0 404.0 389.0 376.0 360.0 362.0 351.0 333.0 329.0 326.0 323.0 320.1 344.0 359.0 348.0 334.0 334.0 345.0 347.0 321.0 298.0 300.0 294.0 271.0 251.0 229.0 226.0 218.0 205.0 203.0 182.29999999999976 182.29999999999976 182.29999999999976 182.29999999999976 193.0
-9999.0 -9999.0 -9999.0 -9999.0 -9999.0 -9999.0 -9999.0 -9999.0 -9999.0 -9999.0 -9999.0 -9999.0 -9999.0 -9999.0 -9999.0 -9999.0 -9999.0 -9999.0 -9999.0 -9999.0 -9999.0 -9999.0 -9999.0 -9999.0 495.0 475.0 462.0 461.0 437.0 417.0 409.0 403.0 401.0 406.0 411.0 414.0 421.0 409.0 390.0 374.0 386.0 384.0 371.0 365.0 356.0 336.0 320.0 326.0 337.0 337.0 328.0 315.0 336.0 328.0 299.0 287.0 279.0 274.0 267.0 255.0 233.0 212.0 215.0 206.0 199.0 186.0 182.19999999999976 182.19999999999976 182.19999999999976 196.0
-9999.0 -9999.0 -9999.0 -9999.0 -9999.0 -9999.0 -9999.0 -9999.0 -9999.0 -9999.0 -9999.0 -9999.0 -9999.0 -9999.0 -9999.0 -9999.0 -9999.0 -9999.0 -9999.0 -9999.0 -9999.0 -9999.0 -9999.0 -9999.0 479.0 465.0 461.0 451.0 431.0 410.0 411.0 401.1 408.0 422.0 426.0 429.0 419.0 406.0 381.0 393.0 407.0 406.0 401.0 393.0 363.0 341.0 317.0 307.0 324.0 321.0 313.0 320.0 330.0 302.0 273.0 271.0 259.0 253.0 258.0 256.0 240.0 202.0 197.0 189.0 185.0 182.09999999999977 182.09999999999977 182.09999999999977 182.09999999999977 205.0
-9999.0 -9999.0 -9999.0 -9999.0 -9999.0 -9999.0 -9999.0 -9999.0 -9999.0 -9999.0 -9999.0 -9999.0 -9999.0 -9999.0 -9999.0 -9999.0 -9999.0 -9999.0 -9999.0 -9999.0 -9999.0 -9999.0 -9999.0 -9999.0 482.0 466.0 460.0 447.0 433.0 417.0 401.20000000000005 409.0 413.0 433.0 425.0 413.0 411.0 391.0 387.0 413.0 421.0 424.0 404.0 378.0 358.0 329.0 310.0 303.0 304.0 311.0 316.0 312.0 297.0 286.0 276.0 253.0 255.0 235.0 235.0 250.0 243.0 209.0 206.0 210.0 198.0 181.99999999999977 181.99999999999977 181.99999999999977 188.0 216.0
-9999.0 -9999.0 -9999.0 -9999.0 -9999.0 -9999.0 -9999.0 -9999.0 -9999.0 -9999.0 -9999.0 -9999.0 -9999.0 -9999.0 -9999.0 -9999.0 -9999.0 -9999.0 -9999.0 -9999.0 -9999.0 -9999.0 -9999.0 -9999.0 480.0 453.0 454.0 453.0 426.0 405.0 405.0 420.0 420.0 438.0 416.0 395.0 391.1 391.0 407.0 427.0 431.0 409.0 388.0 363.0 333.0 303.0 294.0 295.0 302.0 320.0 324.0 301.0 273.0 260.0 267.0 242.0 239.0 240.0 231.0 238.0 229.0 220.0 214.0 216.0 193.0 189.0 181.89999999999978 181.89999999999978 183.0 200.0
-9999.0 -9999.0 -9999.0 -9999.0 -9999.0 -9999.0 -9999.0 -9999.0 -9999.0 -9999.0 -9999.0 -9999.0 -9999.0 -9999.0 -9999.0 -9999.0 -9999.0 -9999.0 -9999.0 -9999.0 -9999.0 -9999.0 -9999.0 -9999.0 474.0 452.0 448.0 434.0 413.0 409.0 412.0 427.0 429.0 433.0 407.0 391.20000000000005 395.0 416.0 423.0 416.0 403.0 383.0 361.0 339.0 306.0 285.1 298.0 313.0 326.0 325.0 304.0 286.0 264.0 245.0 237.0 229.0 227.1 233.0 231.0 228.0 233.0 237.0 229.0 209.0 209.0 207.0 185.0 181.79999999999978 181.79999999999978 189.0
-9999.0 -9999.0 -9999.0 -9999.0 -9999.0 -9999.0 -9999.0 -9999.0 -9999.0 -9999.0 -9999.0 -9999.0 -9999.0 -9999.0 -9999.0 -9999.0 -9999.0 -9999.0 -9999.0 -9999.0 -9999.0 -9999.0 -9999.0 -9999.0 458.0 441.0 424.0 417.0 422.0 427.0 428.0 437.0 445.0 425.0 415.0 409.0 416.0 425.0 420.0 380.0 378.0 368.0 340.0 309.0 285.0 299.0 315.0 307.0 313.0 303.0 293.0 277.0 256.0 254.0 236.0 244.0 235.0 227.0 221.0 222.0 224.0 229.0 239.0 231.0 227.0 213.0 201.0 197.0 181.6999999999998 181.6999999999998
-9999.0 -9999.0 -9999.0 -9999.0 -9999.0 -9999.0 -9999.0 -9999.0 -9999.0 -9999.0 -9999.0 -9999.0 -9999.0 -9999.0 -9999.0 -9999.0 -9999.0 -9999.0 -9999.0 -9999.0 -9999.0 -9999.0 -9999.0 -9999.0 442.0 422.1 422.0 434.0 445.0 448.0 442.0 448.0 454.0 435.0 439.0 439.0 432.0 421.0 407.0 359.0 356.0 345.0 314.0 286.0 284.0 291.0 300.0 293.0 294.0 280.0 279.0 277.0 268.0 266.0 252.0 250.0 239.0 228.0 211.1 217.0 214.0 221.0 233.0 232.0 225.0 211.0 204.0 191.0 191.0 181.5999999999998
-9999.0 -9999.0 -9999.0 -9999.0 -9999.0 -9999.0 -9999.0 -9999.0 -9999.0 -9999.0 -9999.0 -9999.0 -9999.0 -9999.0 -9999.0 -9999.0 -9999.0 -9999.0 -9999.0 -9999.0 -9999.0 -9999.0 -9999.0 -9999.0 424.0 429.0 445.0 458.0 463.0 462.0 455.0 462.0 467.0 454.0 452.0 427.0 415.0 407.0 393.0 355.0 334.0 320.0 296.0 295.0 280.0 273.5000000000001 273.5000000000001 286.0 278.0 279.0 298.0 294.0 290.0 282.0 270.0 261.0 254.0 241.0 215.0 211.0 207.2 234.0 237.0 236.0 238.0 223.0 211.0 207.0 193.0 181.4999999999998
-9999.0 -9999.0 -9999.0 -9999.0 -9999.0 -9999.0 -9999.0 -9999.0 -9999.0 -9999.0 -9999.0 -9999.0 -9999.0 -9999.0 -9999.0 -9999.0 -9999.0 -9999.0 -9999.0 -9999.0 -9999.0 -9999.0 -9999.0 -9999.0 -9999.0 454.0 469.0 473.0 -9999.0 -9999.0 -9999.0 -9999.0 -9999.0 476.0 460.0 429.0 411.0 388.0 360.0 348.0 321.0 308.0 316.0 312.0 288.0 273.4000000000001 273.4000000000001 273.4000000000001 273.4000000000001 298.0 309.0 304.0 309.0 300.0 281.0 256.0 242.0 219.0 213.0 207.1 219.0 227.0 235.0 235.1 242.0 234.0 211.0 207.0 193.0 181.3999999999998
-9999.0 -9999.0 -9999.0 -9999.0 -9999.0 -9999.0 -9999.0 -9999.0 -9999.0 -9999.0 -9999.0 -9999.0 -9999.0 -9999.0 -9999.0 -9999.0 -9999.0 -9999.0 -9999.0 -9999.0 -9999.0 -9999.0 -9999.0 -9999.0 -9999.0 -9999.0 479.0 -9999.0 -9999.0 -9999.0 -9999.0 -9999.0 -9999.0 -9999.0 451.0 425.0 408.0 377.0 347.0 329.0 310.0 324.0 327.0 300.0 285.0 273.4000000000001 273.30000000000007 273.30000000000007 273.30000000000007 298.0 309.0 304.0 309.0 300.0 281.0 256.0 242.0 219.0 213.0 207.0 219.0 227.0 235.0 235.0 242.0 234.0 220.0 201.0 184.0 181.2999999999998
-9999.0 -9999.0 -9999.0 -9999.0 -9999.0 -9999.0 -9999.0 -9999.0 -9999.0 -9999.0 -9999.0 -9999.0 -9999.0 -9999.0 -9999.0 -9999.0 -9999.0 -9999.0 -9999.0 -9999.0 -9999.0 -9999.0 -9999.0 -9999.0 -9999.0 -9999.0 -9999.0 -9999.0 -9999.0 -9999.0 -9999.0 -9999.0 -9999.0 -9999.0 451.0 425.0 408.0 377.0 347.0 329.0 310.1 324.0 327.0 300.0 285.0 287.0 282.0 273.20000000000005 275.0 290.0 290.0 300.0 298.0 293.0 270.0 243.0 236.0 218.0 206.1 217.0 217.0 220.0 231.0 249.0 244.0 247.0 229.0 204.0 184.0 181.19999999999982
-9999.0 -9999.0 -9999.0 -9999.0 -9999.0 -9999.0 -9999.0 -9999.0 -9999.0 -9999.0 -9999.0 -9999.0 -9999.0 -9999.0 -9999.0 -9999.0 -9999.0 -9999.0 -9999.0 -9999.0 -9999.0 -9999.0 -9999.0 -9999.0 -9999.0 -9999.0 -9999.0 -9999.0 -9999.0 -9999.0 -9999.0 -9999.0 -9999.0 -9999.0 440.0 415.0 392.0 368.0 328.0 323.0 338.0 349.0 322.0 306.0 315.0 317.0 295.0 273.20000000000005 273.1 273.0 277.0 287.0 296.0 275.0 259.0 251.0 240.0 228.0 208.0 206.0 205.0 233.0 248.0 255.0 246.0 242.0 213.0 192.0 181.09999999999982 181.09999999999982
-9999.0 -9999.0 -9999.0 -9999.0 -9999.0 -9999.0 -9999.0 -9999.0 -9999.0 -9999.0 -9999.0 -9999.0 -9999.0 -9999.0 -9999.0 -9999.0 -9999.0 -9999.0 -9999.0 -9999.0 -9999.0 -9999.0 -9999.0 -9999.0 -9999.0 -9999.0 -9999.0 -9999.0 -9999.0 -9999.0 -9999.0 -9999.0 -9999.0 -9999.0 433.0 400.0 377.0 361.0 326.0 339.0 357.0 352.0 334.0 334.0 343.0 323.0 297.0 289.0 287.0 273.0 261.0 269.0 289.0 280.0 253.0 231.0 219.0 230.0 203.0 196.29999999999998 212.0 235.0 253.0 258.0 256.0 247.0 219.0 210.0 196.0 180.99999999999983
-9999.0 -9999.0 -9999.0 -9999.0 -9999.0 -9999.0 -9999.0 -9999.0 -9999.0 -9999.0 -9999.0 -9999.0 -9999.0 -9999.0 -9999.0 -9999.0 -9999.0 -9999.0 -9999.0 -9999.0 -9999.0 -9999.0 -9999.0 -9999.0 -9999.0 -9999.0 -9999.0 -9999.0 -9999.0 -9999.0 -9999.0 -9999.0 -9999.0 -9999.0 419.0 385.0 362.0 342.0 347.0 346.0 361.0 362.0 352.0 351.0 350.0 316.0 302.0 285.0 275.0 273.0 257.0 274.0 292.0 266.0 239.0 223.0 214.0 210.0 196.2 202.0 226.0 242.0 251.0 252.0 256.0 248.0 230.0 211.0 182.0 180.89999999999984
-9999.0 -9999.0 -9999.0 -9999.0 -9999.0 -9999.0 -9999.0 -9999.0 -9999.0 -9999.0 -9999.0 -9999.0 -9999.0 -9999.0 -9999.0 -9999.0 -9999.0 -9999.0 -9999.0 -9999.0 -9999.0 -9999.0 -9999.0 -9999.0 -9999.0 -9999.0 -9999.0 -9999.0 -9999.0 -9999.0 -9999.0 -9999.0 -9999.0 -9999.0 398.0 374.0 347.0 342.1 350.0 356.0 375.0 383.0 370.0 357.0 320.0 287.0 274.0 257.0 249.0 253.0 264.0 285.0 281.0 254.0 237.0 221.0 200.0 196.1 202.0 213.0 230.0 219.0 238.0 246.0 249.0 249.0 225.0 208.0 181.0 180.79999999999984
-9999.0 -9999.0 -9999.0 -9999.0 -9999.0 -9999.0 -9999.0 -9999.0 -9999.0 -9999.0 -9999.0 -9999.0 -9999.0 -9999.0 -9999.0 -9999.0 -9999.0 -9999.0 -9999.0 -9999.0 -9999.0 -9999.0 -9999.0 -9999.0 -9999.0 -9999.0 -9999.0 -9999.0 -9999.0 -9999.0 -9999.0 -9999.0 -9999.0 -9999.0 388.0 365.0 351.0 350.0 372.0 374.0 386.0 382.0 375.0 368.0 325.0 278.0 248.0 220.0 221.0 239.0 258.0 272.0 277.0 257.0 226.0 208.0 206.0 196.0 196.0 205.0 218.0 197.1 215.0 238.0 239.0 246.0 228.0 209.0 193.0 180.69999999999985
-9999.0 -9999.0 -9999.0 -9999.0 -9999.0 -9999.0 -9999.0 -9999.0 -9999.0 -9999.0 -9999.0 -9999.0 -9999.0 -9999.0 -9999.0 -9999.0 -9999.0 -9999.0 -9999.0 -9999.0 -9999.0 -9999.0 -9999.0 -9999.0 -9999.0 -9999.0 -9999.0 -9999.0 -9999.0 -9999.0 -9999.0 -9999.0 -9999.0 -9999.0 -9999.0 372.0 371.0 380.0 393.0 381.0 371.0 363.0 359.0 356.0 321.0 280.0 254.0 227.0 215.0 223.0 235.0 256.0 259.0 238.0 206.0 194.0 193.0 191.0 183.0 194.0 205.0 197.0 210.0 217.0 218.0 231.0 230.0 203.0 187.0 180.59999999999985
-9999.0 -9999.0 -9999.0 -9999.0 -9999.0 -9999.0 -9999.0 -9999.0 -9999.0 -9999.0 -9999.0 -9999.0 -9999.0 -9999.0 -9999.0 -9999.0 -9999.0 -9999.0 -9999.0 -9999.0 -9999.0 -9999.0 -9999.0 -9999.0 -9999.0 -9999.0 -9999.0 -9999.0 -9999.0 -9999.0 -9999.0 -9999.0 -9999.0 -9999.0 -9999.0 -9999.0 407.0 406.0 374.0 356.0 347.0 343.0 337.0 330.0 309.0 275.0 257.0 239.0 229.0 212.1 212.0 211.0 227.0 219.0 193.0 180.69999999999985 180.59999999999985 180.49999999999986 180.39999999999986 184.0 183.0 180.39999999999986 186.0 189.0 197.0 209.0 209.0 191.0 180.49999999999986 180.49999999999986
-9999.0 -9999.0 -9999.0 -9999.0 -9999.0 -9999.0 -9999.0 -9999.0 -9999.0 -9999.0 -9999.0 -9999.0 -9999.0 -9999.0 -9999.0 -9999.0 -9999.0 -9999.0 -9999.0 -9999.0 -9999.0 -9999.0 -9999.0 -9999.0 -9999.0 -9999.0 -9999.0 -9999.0 -9999.0 -9999.0 -9999.0 -9999.0 -9999.0 -9999.0 -9999.0 -9999.0 -9999.0 410.0 374.0 344.0 326.0 318.0 305.0 300.0 288.0 271.0 252.0 231.0 214.0 219.0 216.0 198.1 198.0 185.0 183.0 193.0 194.0 180.49999999999986 180.39999999999986 180.29999999999987 180.29999999999987 180.29999999999987 180.29999999999987 184.0 190.0 210.0 209.0 203.0 180.39999999999986 180.39999999999986
-9999.0 -9999.0 -9999.0 -9999.0 -9999.0 -9999.0 -9999.0 -9999.0 -9999.0 -9999.0 -9999.0 -9999.0 -9999.0 -9999.0 -9999.0 -9999.0 -9999.0 -9999.0 -9999.0 -9999.0 -9999.0 -9999.0 -9999.0 -9999.0 -9999.0 -9999.0 -9999.0 -9999.0 -9999.0 -9999.0 -9999.0 -9999.0 -9999.0 -9999.0 -9999.0 -9999.0 -9999.0 395.0 362.0 346.0 320.0 293.0 281.0 272.0 267.0 243.0 229.0 220.0 233.0 255.0 248.0 226.0 206.0 204.0 213.0 209.0 207.0 192.0 184.0 180.29999999999987 180.19999999999987 180.19999999999987 180.19999999999987 187.0 204.0 209.0 187.0 185.0 180.29999999999987 180.39999999999986
-9999.0 -9999.0 -9999.0 -9999.0 -9999.0 -9999.0 -9999.0 -9999.0 -9999.0 -9999.0 -9999.0 -9999.0 -9999.0 -9999.0 -9999.0 -9999.0 -9999.0 -9999.0 -9999.0 -9999.0 -9999.0 -9999.0 -9999.0 -9999.0 -9999.0 -9999.0 -9999.0 -9999.0 -9999.0 -9999.0 -9999.0 -9999.0 -9999.0 -9999.0 -9999.0 -9999.0 -9999.0 389.0 357.0 335.0 325.0 313.0 288.0 256.0 242.0 227.1 227.0 243.0 263.0 279.0 277.0 249.0 241.0 238.0 237.0 222.0 202.0 189.0 185.0 190.0 196.0 180.09999999999988 180.09999999999988 192.0 200.0 204.0 190.0 180.19999999999987 180.29999999999987 180.39999999999986
-9999.0 -9999.0 -9999.0 -9999.0 -9999.0 -9999.0 -9999.0 -9999.0 -9999.0 -9999.0 -9999.0 -9999.0 -9999.0 -9999.0 -9999.0 -9999.0 -9999.0 -9999.0 -9999.0 -9999.0 -9999.0 -9999.0 -9999.0 -9999.0 -9999.0 -9999.0 -9999.0 -9999.0 -9999.0 -9999.0 -9999.0 -9999.0 -9999.0 -9999.0 -9999.0 -9999.0 -9999.0 401.0 367.0 355.0 334.0 308.0 283.0 248.0 227.2 229.0 245.0 260.0 283.0 301.0 289.0 269.0 248.0 236.0 217.0 203.0 198.0 197.0 204.0 211.0 186.0 179.9999999999999 179.9999999999999 179.9999999999999 179.9999999999999 179.9999999999999 180.09999999999988 180.19999999999987 180.29999999999987 183.0
-9999.0 -9999.0 -9999.0 -9999.0 -9999.0 -9999.0 -9999.0 -9999.0 -9999.0 -9999.0 -9999.0 -9999.0 -9999.0 -9999.0 -9999.0 -9999.0 -9999.0 -9999.0 -9999.0 -9999.0 -9999.0 -9999.0 -9999.0 -9999.0 -9999.0 -9999.0 -9999.0 -9999.0 -9999.0 -9999.0 -9999.0 -9999.0 -9999.0 -9999.0 -9999.0 -9999.0 -9999.0 419.0 378.0 354.0 316.0 291.0 262.0 250.0 241.0 245.0 256.0 274.0 295.0 297.0 269.0 245.0 233.0 223.0 212.0 214.0 211.0 207.0 216.0 224.0 179.8999999999999 179.8999999999999 179.8999999999999 179.8999999999999 179.8999999999999 179.9999999999999 180.09999999999988 180.19999999999987 180.29999999999987 196.0
-9999.0 -9999.0 -9999.0 -9999.0 -9999.0 -9999.0 -9999.0 -9999.0 -9999.0 -9999.0 -9999.0 -9999.0 -9999.0 -9999.0 -9999.0 -9999.0 -9999.0 -9999.0 -9999.0 -9999.0 -9999.0 -9999.0 -9999.0 -9999.0 -9999.0 -9999.0 -9999.0 -9999.0 -9999.0 -9999.0 -9999.0 -9999.0 -9999.0 -9999.0 -9999.0 -9999.0 -9999.0 418.0 377.0 347.0 313.0 285.0 268.0 276.0 270.0 271.0 284.0 303.0 313.0 290.0 279.0 272.0 269.0 260.0 241.0 235.0 235.0 236.0 233.0 224.0 182.0 179.7999999999999 179.7999999999999 179.7999999999999 179.8999999999999 179.9999999999999 180.09999999999988 180.19999999999987 180.29999999999987 200.0
-9999.0 -9999.0 -9999.0 -9999.0 -9999.0 -9999.0 -9999.0 -9999.0 -9999.0 -9999.0 -9999.0 -9999.0 -9999.0 -9999.0 -9999.0 -9999.0 -9999.0 -9999.0 -9999.0 -9999.0 -9999.0 -9999.0 -9999.0 -9999.0 -9999.0 -9999.0 -9999.0 -9999.0 -9999.0 -9999.0 -9999.0 -9999.0 -9999.0 -9999.0 -9999.0 -9999.0 -9999.0 396.0 366.0 344.0 312.0 290.0 295.0 304.0 303.0 308.0 323.0 343.0 341.0 322.0 313.0 309.0 295.0 278.0 246.0 230.0 232.0 236.0 223.0 225.0 191.0 179.6999999999999 179.6999999999999 183.0 199.0 201.0 204.0 196.0 204.0 217.0
-9999.0 -9999.0 -9999.0 -9999.0 -9999.0 -9999.0 -9999.0 -9999.0 -9999.0 -9999.0 -9999.0 -9999.0 -9999.0 -9999.0 -9999.0 -9999.0 -9999.0 -9999.0 -9999.0 -9999.0 -9999.0 -9999.0 -9999.0 -9999.0 -9999.0 -9999.0 -9999.0 -9999.0 -9999.0 -9999.0 -9999.0 -9999.0 -9999.0 -9999.0 -9999.0 -9999.0 -9999.0 -9999.0 371.0 355.0 333.0 323.0 329.0 329.0 328.0 330.0 350.0 369.0 368.0 332.0 312.0 308.0 284.0 264.0 236.0 215.0 210.0 221.0 210.0 207.0 208.0 179.5999999999999 179.5999999999999 186.0 204.0 212.0 220.0 218.0 230.0 232.0
-9999.0 -9999.0 -9999.0 -9999.0 -9999.0 -9999.0 -9999.0 -9999.0 -9999.0 -9999.0 -9999.0 -9999.0 -9999.0 -9999.0 -9999.0 -9999.0 -9999.0 -9999.0 -9999.0 -9999.0 -9999.0 -9999.0 -9999.0 -9999.0 -9999.0 -9999.0 -9999.0 -9999.0 -9999.0 -9999.0 -9999.0 -9999.0 -9999.0 -9999.0 -9999.0 -9999.0 -9999.0 -9999.0 -9999.0 383.0 362.0 366.0 367.0 361.0 348.0 358.0 379.0 383.0 360.0 318.0 295.0 290.0 286.0 254.0 231.0 206.2 206.1 207.0 204.0 188.0 212.0 195.0 179.49999999999991 190.0 204.0 217.0 230.0 228.0 214.0 210.0
-9999.0 -9999.0 -9999.0 -9999.0 -9999.0 -9999.0 -9999.0 -9999.0 -9999.0 -9999.0 -9999.0 -9999.0 -9999.0 -9999.0 -9999.0 -9999.0 -9999.0 -9999.0 -9999.0 -9999.0 -9999.0 -9999.0 -9999.0 -9999.0 -9999.0 -9999.0 -9999.0 -9999.0 -9999.0 -9999.0 -9999.0 -9999.0 -9999.0 -9999.0 -9999.0 -9999.0 -9999.0 -9999.0 -9999.0 393.0 384.0 391.0 406.0 391.0 379.0 380.0 390.0 378.0 350.0 320.0 301.0 276.0 271.0 256.0 229.0 206.2 207.0 206.0 196.0 181.0 196.0 192.0 179.39999999999992 179.39999999999992 197.0 222.0 216.0 212.0 198.0 195.0
-9999.0 -9999.0 -9999.0 -9999.0 -9999.0 -9999.0 -9999.0 -9999.0 -9999.0 -9999.0 -9999.0 -9999.0 -9999.0 -9999.0 -9999.0 -9999.0 -9999.0 -9999.0 -9999.0 -9999.0 -9999.0 -9999.0 -9999.0 -9999.0 -9999.0 -9999.0 -9999.0 -9999.0 -9999.0 -9999.0 -9999.0 -9999.0 -9999.0 -9999.0 -9999.0 -9999.0 -9999.0 -9999.0 -9999.0 411.0 407.0 409.0 428.0 426.0 412.0 387.0 372.0 366.0 346.0 319.0 301.0 276.0 258.0 245.0 236.0 219.0 229.0 221.0 213.0 206.0 179.5999999999999 179.49999999999991 179.39999999999992 179.29999999999993 196.0 199.0 183.0 185.0 186.0 180.1
