result/filled_dem_output.asc
nrows         236
ncols         218
xllcorner     466515.47101027
yllcorner     2626221.2241437
cellsize      90.0
NODATA_value  -9999.0
[rows 93 to 123 of 236, columns 0 to 69 of 218]
-9999.0 -9999.0 -9999.0 -9999.0 -9999.0 -9999.0 -9999.0 -9999.0 -9999.0 -9999.0 -9999.0 -9999.0 -9999.0 -9999.0 -9999.0 -9999.0 -9999.0 -9999.0 -9999.0 -9999.0 -9999.0 -9999.0 -9999.0 -9999.0 -9999.0 -9999.0 -9999.0 -9999.0 -9999.0 -9999.0 -9999.0 -9999.0 -9999.0 479.0 457.0 441.0 435.20000000000005 435.20000000000005 442.0 451.0 446.0 421.0 402.0 389.0 384.0 376.0 368.0 349.0 340.0 329.4000000000001 336.0 347.0 357.0 368.0 364.0 362.0 340.0 333.0 332.0 310.0 313.0 332.0 333.0 357.0 361.0 341.0 317.0 301.0 291.20000000000005 302.0
-9999.0 -9999.0 -9999.0 -9999.0 -9999.0 -9999.0 -9999.0 -9999.0 -9999.0 -9999.0 -9999.0 -9999.0 -9999.0 -9999.0 -9999.0 -9999.0 -9999.0 -9999.0 -9999.0 -9999.0 -9999.0 -9999.0 -9999.0 -9999.0 -9999.0 -9999.0 -9999.0 -9999.0 -9999.0 -9999.0 -9999.0 -9999.0 -9999.0 -9999.0 455.0 448.0 438.0 435.1 436.0 446.0 415.0 402.0 398.0 403.0 392.0 371.0 367.0 360.0 350.0 338.0 329.30000000000007 329.20000000000005 339.0 352.0 364.0 368.0 346.0 320.0 298.0 299.0 312.0 316.0 325.0 351.0 357.0 341.0 317.0 291.1 302.0 327.0
-9999.0 -9999.0 -9999.0 -9999.0 -9999.0 -9999.0 -9999.0 -9999.0 -9999.0 -9999.0 -9999.0 -9999.0 -9999.0 -9999.0 -9999.0 -9999.0 -9999.0 -9999.0 -9999.0 -9999.0 -9999.0 -9999.0 -9999.0 -9999.0 -9999.0 -9999.0 -9999.0 -9999.0 -9999.0 -9999.0 -9999.0 -9999.0 -9999.0 -9999.0 462.0 457.0 448.0 435.0 435.0 436.0 422.0 413.0 405.0 419.0 398.0 370.0 365.0 351.0 352.0 348.0 336.0 329.20000000000005 329.1 333.0 351.0 364.0 349.0 327.0 302.0 289.0 273.0 280.0 270.0 313.0 340.0 316.0 302.0 291.0 325.0 348.0
-9999.0 -9999.0 -9999.0 -9999.0 -9999.0 -9999.0 -9999.0 -9999.0 -9999.0 -9999.0 -9999.0 -9999.0 -9999.0 -9999.0 -9999.0 -9999.0 -9999.0 -9999.0 -9999.0 -9999.0 -9999.0 -9999.0 -9999.0 -9999.0 -9999.0 -9999.0 -9999.0 -9999.0 -9999.0 -9999.0 -9999.0 -9999.0 -9999.0 -9999.0 -9999.0 460.0 454.0 437.0 422.0 421.0 424.0 417.0 418.0 420.0 416.0 382.0 367.0 362.0 356.0 361.0 341.0 329.20000000000005 329.1 329.0 323.0 332.0 318.0 324.0 317.0 298.0 269.0 247.0 259.0 285.0 315.0 294.0 279.0 295.0 338.0 340.0
-9999.0 -9999.0 -9999.0 -9999.0 -9999.0 -9999.0 -9999.0 -9999.0 -9999.0 -9999.0 -9999.0 -9999.0 -9999.0 -9999.0 -9999.0 -9999.0 -9999.0 -9999.0 -9999.0 -9999.0 -9999.0 -9999.0 -9999.0 -9999.0 -9999.0 -9999.0 -9999.0 -9999.0 -9999.0 -9999.0 -9999.0 -9999.0 -9999.0 -9999.0 -9999.0 462.0 460.0 450.0 437.0 425.0 405.20000000000005 409.0 424.0 418.0 418.0 392.0 380.0 375.0 364.0 351.0 329.30000000000007 333.0 349.0 358.0 339.0 320.0 298.0 294.0 301.0 295.0 276.0 250.0 246.1 266.0 285.0 277.0 281.0 312.0 334.0 328.0
-9999.0 -9999.0 -9999.0 -9999.0 -9999.0 -9999.0 -9999.0 -9999.0 -9999.0 -9999.0 -9999.0 -9999.0 -9999.0 -9999.0 -9999.0 -9999.0 -9999.0 -9999.0 -9999.0 -9999.0 -9999.0 -9999.0 -9999.0 -9999.0 -9999.0 -9999.0 -9999.0 -9999.0 -9999.0 -9999.0 -9999.0 -9999.0 -9999.0 -9999.0 -9999.0 475.0 467.0 459.0 443.0 437.0 405.20000000000005 405.1 408.0 406.0 410.0 413.0 397.0 381.0 370.0 341.0 333.0 356.0 360.0 374.0 363.0 336.0 301.0 285.0 286.0 290.0 284.0 260.0 256.0 246.0 253.0 257.0 286.0 320.0 312.0 330.0
-9999.0 -9999.0 -9999.0 -9999.0 -9999.0 -9999.0 -9999.0 -9999.0 -9999.0 -9999.0 -9999.0 -9999.0 -9999.0 -9999.0 -9999.0 -9999.0 -9999.0 -9999.0 -9999.0 -9999.0 -9999.0 -9999.0 -9999.0 -9999.0 -9999.0 -9999.0 -9999.0 -9999.0 -9999.0 -9999.0 -9999.0 -9999.0 -9999.0 -9999.0 -9999.0 485.0 475.0 471.0 465.0 434.0 408.0 408.0 405.0 402.0 405.0 400.0 391.0 385.0 362.0 347.0 355.0 367.0 379.0 377.0 356.0 338.0 327.0 304.0 283.0 277.0 268.0 263.0 262.0 242.0 223.0 219.0 278.0 307.0 314.0 346.0
-9999.0 -9999.0 -9999.0 -9999.0 -9999.0 -9999.0 -9999.0 -9999.0 -9999.0 -9999.0 -9999.0 -9999.0 -9999.0 -9999.0 -9999.0 -9999.0 -9999.0 -9999.0 -9999.0 -9999.0 -9999.0 -9999.0 -9999.0 -9999.0 -9999.0 -9999.0 -9999.0 -9999.0 -9999.0 -9999.0 -9999.0 -9999.0 -9999.0 -9999.0 -9999.0 502.0 492.0 488.0 472.0 468.0 441.0 426.0 406.0 400.20000000000005 400.1 410.0 407.0 397.0 391.0 378.0 393.0 390.0 387.0 381.0 375.0 369.0 351.0 327.0 308.0 299.0 301.0 288.0 252.0 210.69999999999996 210.69999999999996 230.0 278.0 303.0 322.0 337.0
-9999.0 -9999.0 -9999.0 -9999.0 -9999.0 -9999.0 -9999.0 -9999.0 -9999.0 -9999.0 -9999.0 -9999.0 -9999.0 -9999.0 -9999.0 -9999.0 -9999.0 -9999.0 -9999.0 -9999.0 -9999.0 -9999.0 -9999.0 -9999.0 -9999.0 -9999.0 -9999.0 -9999.0 -9999.0 -9999.0 -9999.0 -9999.0 -9999.0 -9999.0 526.0 512.0 507.0 496.0 480.0 469.0 440.0 419.0 403.0 400.20000000000005 407.0 422.0 422.0 410.0 401.0 396.0 396.0 393.0 380.30000000000007 383.0 384.0 374.0 347.0 326.0 300.0 292.0 290.0 284.0 257.0 212.0 210.59999999999997 238.0 271.0 293.0 313.0 330.0
-9999.0 -9999.0 -9999.0 -9999.0 -9999.0 -9999.0 -9999.0 -9999.0 -9999.0 -9999.0 -9999.0 -9999.0 -9999.0 -9999.0 -9999.0 -9999.0 -9999.0 -9999.0 -9999.0 -9999.0 -9999.0 -9999.0 -9999.0 -9999.0 -9999.0 -9999.0 -9999.0 -9999.0 -9999.0 -9999.0 -9999.0 -9999.0 -9999.0 532.0 512.0 502.0 500.0 480.0 469.0 451.0 429.0 426.0 412.0 404.0 417.0 431.0 428.0 410.0 417.0 405.0 386.0 383.0 380.20000000000005 382.0 387.0 371.0 346.0 326.0 307.0 277.0 265.0 255.0 242.0 231.0 210.49999999999997 228.0 254.0 281.0 306.0 333.0
-9999.0 -9999.0 -9999.0 -9999.0 -9999.0 -9999.0 -9999.0 -9999.0 -9999.0 -9999.0 -9999.0 -9999.0 -9999.0 -9999.0 -9999.0 -9999.0 -9999.0 -9999.0 -9999.0 -9999.0 -9999.0 -9999.0 -9999.0 -9999.0 -9999.0 -9999.0 -9999.0 -9999.0 -9999.0 -9999.0 -9999.0 -9999.0 -9999.0 519.0 492.0 482.0 477.0 473.0 457.0 437.0 430.0 429.0 414.0 410.0 417.0 423.0 416.0 422.0 423.0 405.0 390.0 380.1 380.1 388.0 384.0 360.0 338.0 313.0 292.0 277.0 275.0 262.0 231.0 212.0 210.39999999999998 211.0 238.0 281.0 305.0 320.0
-9999.0 -9999.0 -9999.0 -9999.0 -9999.0 -9999.0 -9999.0 -9999.0 -9999.0 -9999.0 -9999.0 -9999.0 -9999.0 -9999.0 -9999.0 -9999.0 -9999.0 -9999.0 -9999.0 -9999.0 -9999.0 -9999.0 -9999.0 -9999.0 -9999.0 -9999.0 -9999.0 -9999.0 -9999.0 -9999.0 -9999.0 -9999.0 -9999.0 505.0 486.0 472.0 467.0 450.0 443.0 445.0 438.0 435.0 430.0 428.0 433.0 431.0 424.0 424.0 419.0 414.0 390.0 385.0 380.0 388.0 382.0 362.0 324.0 308.0 297.0 297.0 282.0 249.0 229.0 232.0 215.0 210.29999999999998 225.0 267.0 297.0 312.0
-9999.0 -9999.0 -9999.0 -9999.0 -9999.0 -9999.0 -9999.0 -9999.0 -9999.0 -9999.0 -9999.0 -9999.0 -9999.0 -9999.0 -9999.0 -9999.0 -9999.0 -9999.0 -9999.0 -9999.0 -9999.0 -9999.0 -9999.0 -9999.0 -9999.0 -9999.0 -9999.0 -9999.0 -9999.0 -9999.0 -9999.0 -9999.0 500.0 491.0 481.0 463.0 454.0 452.0 455.0 458.0 444.0 445.0 444.0 445.0 443.0 442.0 433.0 412.0 403.0 407.0 392.0 379.0 378.0 390.0 378.0 357.0 347.0 330.0 310.0 289.0 262.0 244.0 251.0 253.0 229.0 210.2 214.0 253.0 296.0 296.0
-9999.0 -9999.0 -9999.0 -9999.0 -9999.0 -9999.0 -9999.0 -9999.0 -9999.0 -9999.0 -9999.0 -9999.0 -9999.0 -9999.0 -9999.0 -9999.0 -9999.0 -9999.0 -9999.0 -9999.0 -9999.0 -9999.0 -9999.0 -9999.0 -9999.0 -9999.0 -9999.0 -9999.0 -9999.0 -9999.0 -9999.0 -9999.0 501.0 476.0 468.0 455.0 452.1 462.0 466.0 471.0 455.0 461.0 456.0 451.0 456.0 458.0 440.0 417.0 401.0 394.0 389.0 375.0 376.0 385.0 373.0 364.0 361.0 342.0 318.0 295.0 270.0 272.0 280.0 275.0 247.0 210.1 210.1 239.0 277.0 269.0
-9999.0 -9999.0 -9999.0 -9999.0 -9999.0 -9999.0 -9999.0 -9999.0 -9999.0 -9999.0 -9999.0 -9999.0 -9999.0 -9999.0 -9999.0 -9999.0 -9999.0 -9999.0 -9999.0 -9999.0 -9999.0 -9999.0 -9999.0 -9999.0 -9999.0 -9999.0 -9999.0 -9999.0 -9999.0 -9999.0 -9999.0 -9999.0 500.0 484.0 473.0 461.0 464.0 470.0 487.0 485.0 469.0 470.0 485.0 480.0 472.0 463.0 445.0 417.0 413.0 396.0 382.0 376.0 373.20000000000005 373.1 376.0 374.0 368.0 354.0 341.0 318.0 287.0 284.0 294.0 267.0 235.0 214.0 210.0 242.0 250.0 264.0
-9999.0 -9999.0 -9999.0 -9999.0 -9999.0 -9999.0 -9999.0 -9999.0 -9999.0 -9999.0 -9999.0 -9999.0 -9999.0 -9999.0 -9999.0 -9999.0 -9999.0 -9999.0 -9999.0 -9999.0 -9999.0 -9999.0 -9999.0 -9999.0 -9999.0 -9999.0 -9999.0 -9999.0 -9999.0 -9999.0 -9999.0 -9999.0 496.0 483.0 470.0 469.0 478.0 481.0 485.0 481.0 481.0 476.0 494.0 498.0 490.0 471.0 450.0 428.0 409.0 399.0 388.0 373.30000000000007 373.20000000000005 378.0 386.0 384.0 376.0 361.0 353.0 328.0 300.0 314.0 285.0 259.0 242.0 214.0 199.69999999999996 211.0 246.0 275.0
-9999.0 -9999.0 -9999.0 -9999.0 -9999.0 -9999.0 -9999.0 -9999.0 -9999.0 -9999.0 -9999.0 -9999.0 -9999.0 -9999.0 -9999.0 -9999.0 -9999.0 -9999.0 -9999.0 -9999.0 -9999.0 -9999.0 -9999.0 -9999.0 -9999.0 -9999.0 -9999.0 -9999.0 -9999.0 -9999.0 -9999.0 -9999.0 504.0 488.0 485.0 485.0 484.0 472.0 466.0 460.0 455.1 471.0 501.0 494.0 486.0 467.0 452.0 439.0 413.0 394.0 373.4000000000001 373.30000000000007 377.0 385.0 388.0 373.30000000000007 383.0 361.0 353.0 328.0 300.1 314.0 285.0 259.0 242.0 214.0 199.59999999999997 211.0 246.0 275.0
-9999.0 -9999.0 -9999.0 -9999.0 -9999.0 -9999.0 -9999.0 -9999.0 -9999.0 -9999.0 -9999.0 -9999.0 -9999.0 -9999.0 -9999.0 -9999.0 -9999.0 -9999.0 -9999.0 -9999.0 -9999.0 -9999.0 -9999.0 -9999.0 -9999.0 -9999.0 -9999.0 -9999.0 -9999.0 -9999.0 -9999.0 -9999.0 503.0 480.1 483.0 477.0 484.0 472.0 466.0 460.0 455.0 471.0 501.0 494.0 486.0 467.0 452.0 439.0 413.0 394.0 373.4000000000001 373.4000000000001 377.0 385.0 388.0 373.20000000000005 383.0 372.0 358.0 324.0 321.0 330.0 304.0 296.0 251.0 208.0 199.49999999999997 212.0 238.0 267.0
-9999.0 -9999.0 -9999.0 -9999.0 -9999.0 -9999.0 -9999.0 -9999.0 -9999.0 -9999.0 -9999.0 -9999.0 -9999.0 -9999.0 -9999.0 -9999.0 -9999.0 -9999.0 -9999.0 -9999.0 -9999.0 -9999.0 -9999.0 -9999.0 -9999.0 -9999.0 -9999.0 -9999.0 -9999.0 -9999.0 -9999.0 511.0 503.0 480.0 483.0 477.0 462.0 452.0 448.0 439.0 436.0 467.0 482.0 469.0 467.0 452.1 452.0 437.0 412.0 395.0 384.0 377.0 383.0 378.0 378.0 373.1 384.0 383.0 359.0 349.0 349.0 349.0 318.0 291.0 250.0 223.0 199.39999999999998 211.0 235.0 274.0
-9999.0 -9999.0 -9999.0 -9999.0 -9999.0 -9999.0 -9999.0 -9999.0 -9999.0 -9999.0 -9999.0 -9999.0 -9999.0 -9999.0 -9999.0 -9999.0 -9999.0 -9999.0 -9999.0 -9999.0 -9999.0 -9999.0 -9999.0 -9999.0 -9999.0 -9999.0 -9999.0 -9999.0 -9999.0 -9999.0 495.0 497.0 492.0 465.0 469.0 464.0 449.0 440.0 437.0 431.0 427.0 450.0 467.0 460.0 459.0 468.0 467.0 449.0 424.0 405.0 391.0 381.0 371.0 368.1 373.0 379.0 386.0 378.0 380.0 372.0 365.0 347.0 312.0 290.0 265.0 223.0 199.29999999999998 210.0 241.0 267.0
-9999.0 -9999.0 -9999.0 -9999.0 -9999.0 -9999.0 -9999.0 -9999.0 -9999.0 -9999.0 -9999.0 -9999.0 -9999.0 -9999.0 -9999.0 -9999.0 -9999.0 -9999.0 -9999.0 -9999.0 -9999.0 -9999.0 -9999.0 -9999.0 -9999.0 -9999.0 -9999.0 -9999.0 -9999.0 -9999.0 492.0 484.0 487.0 468.0 463.0 468.0 460.0 446.0 452.0 448.0 421.0 442.0 467.0 472.0 475.0 472.0 451.0 434.0 416.0 400.0 385.0 384.0 376.0 368.0 370.0 366.0 370.0 365.0 375.0 382.0 367.0 342.0 278.0 263.0 231.0 202.0 199.2 211.0 236.0 248.0
-9999.0 -9999.0 -9999.0 -9999.0 -9999.0 -9999.0 -9999.0 -9999.0 -9999.0 -9999.0 -9999.0 -9999.0 -9999.0 -9999.0 -9999.0 -9999.0 -9999.0 -9999.0 -9999.0 -9999.0 -9999.0 -9999.0 -9999.0 -9999.0 -9999.0 -9999.0 -9999.0 -9999.0 -9999.0 490.0 476.0 474.0 476.0 464.0 462.0 468.0 472.0 467.0 464.0 441.0 418.4000000000001 430.0 452.0 479.0 478.0 468.0 449.0 436.0 429.0 411.0 406.0 404.0 382.0 368.0 362.0 354.0 351.0 354.0 370.0 372.0 361.0 347.0 278.0 246.0 228.0 200.0 199.1 213.0 235.0 252.0
-9999.0 -9999.0 -9999.0 -9999.0 -9999.0 -9999.0 -9999.0 -9999.0 -9999.0 -9999.0 -9999.0 -9999.0 -9999.0 -9999.0 -9999.0 -9999.0 -9999.0 -9999.0 -9999.0 -9999.0 -9999.0 -9999.0 -9999.0 -9999.0 -9999.0 -9999.0 -9999.0 -9999.0 487.0 473.0 467.0 477.0 463.0 459.0 453.0 461.0 467.0 471.0 470.0 434.0 418.30000000000007 422.0 447.0 479.0 470.0 463.0 462.0 451.0 431.0 429.0 436.0 426.0 399.0 386.0 373.0 357.0 348.0 341.0 346.0 341.0 346.0 331.0 273.0 250.0 216.0 204.0 199.0 200.0 220.0 242.0
-9999.0 -9999.0 -9999.0 -9999.0 -9999.0 -9999.0 -9999.0 -9999.0 -9999.0 -9999.0 -9999.0 -9999.0 -9999.0 -9999.0 -9999.0 -9999.0 -9999.0 -9999.0 -9999.0 -9999.0 -9999.0 -9999.0 -9999.0 -9999.0 -9999.0 -9999.0 -9999.0 -9999.0 466.0 460.0 471.0 463.0 452.0 452.0 446.0 442.0 455.0 466.0 454.0 418.20000000000005 418.20000000000005 420.0 436.0 469.0 470.0 456.1 456.0 450.0 447.0 448.0 453.0 440.0 406.0 385.0 366.0 353.0 344.0 332.0 323.0 327.0 343.0 323.0 280.0 245.0 228.0 226.0 216.0 192.1 214.0 233.0
-9999.0 -9999.0 -9999.0 -9999.0 -9999.0 -9999.0 -9999.0 -9999.0 -9999.0 -9999.0 -9999.0 -9999.0 -9999.0 -9999.0 -9999.0 -9999.0 -9999.0 -9999.0 -9999.0 -9999.0 -9999.0 -9999.0 -9999.0 -9999.0 -9999.0 -9999.0 -9999.0 -9999.0 458.0 468.0 459.0 448.0 448.0 446.0 439.0 438.0 446.0 447.0 439.0 418.1 418.1 426.0 437.0 470.0 468.0 461.0 456.0 447.0 457.0 467.0 472.0 448.0 404.0 378.0 362.0 347.0 340.0 341.0 319.0 301.0 302.0 299.0 277.0 250.0 228.0 221.0 199.0 192.0 214.0 227.0
-9999.0 -9999.0 -9999.0 -9999.0 -9999.0 -9999.0 -9999.0 -9999.0 -9999.0 -9999.0 -9999.0 -9999.0 -9999.0 -9999.0 -9999.0 -9999.0 -9999.0 -9999.0 -9999.0 -9999.0 -9999.0 -9999.0 -9999.0 -9999.0 -9999.0 -9999.0 -9999.0 447.0 458.0 463.0 458.0 452.0 433.1 440.0 435.0 431.0 426.0 422.0 421.0 418.0 431.0 443.0 450.0 458.0 451.0 439.0 434.0 425.0 442.0 464.0 468.0 450.0 407.0 388.0 374.0 352.0 353.0 348.0 337.0 300.0 268.1 271.0 264.0 247.0 232.0 214.0 183.0 186.0 208.0 227.0
-9999.0 -9999.0 -9999.0 -9999.0 -9999.0 -9999.0 -9999.0 -9999.0 -9999.0 -9999.0 -9999.0 -9999.0 -9999.0 -9999.0 -9999.0 -9999.0 -9999.0 -9999.0 -9999.0 -9999.0 -9999.0 -9999.0 -9999.0 -9999.0 -9999.0 -9999.0 -9999.0 445.0 439.0 449.0 442.0 444.0 433.0 442.0 442.0 435.0 419.0 404.0 400.0 428.0 445.0 447.0 442.0 432.0 423.0 423.0 420.0 410.0 420.0 434.0 453.0 449.0 423.0 397.0 392.0 373.0 363.0 361.0 345.0 313.0 287.0 268.0 244.0 239.0 219.0 203.0 182.89999999999972 182.89999999999972 199.0 205.0
-9999.0 -9999.0 -9999.0 -9999.0 -9999.0 -9999.0 -9999.0 -9999.0 -9999.0 -9999.0 -9999.0 -9999.0 -9999.0 -9999.0 -9999.0 -9999.0 -9999.0 -9999.0 -9999.0 -9999.0 -9999.0 -9999.0 -9999.0 -9999.0 -9999.0 -9999.0 -9999.0 454.0 433.0 431.0 434.0 440.0 431.0 424.0 430.0 435.0 414.0 395.0 402.0 436.0 439.0 433.0 422.0 406.0 402.0 415.0 405.0 391.0 392.0 409.0 434.0 452.0 444.0 423.0 404.0 396.0 384.0 379.0 358.0 324.0 286.0 255.0 221.0 219.0 219.0 199.0 182.79999999999973 182.79999999999973 182.79999999999973 188.0
-9999.0 -9999.0 -9999.0 -9999.0 -9999.0 -9999.0 -9999.0 -9999.0 -9999.0 -9999.0 -9999.0 -9999.0 -9999.0 -9999.0 -9999.0 -9999.0 -9999.0 -9999.0 -9999.0 -9999.0 -9999.0 -9999.0 -9999.0 -9999.0 -9999.0 -9999.0 471.0 456.0 433.0 422.0 418.0 428.0 426.0 410.0 416.0 412.0 392.1 401.0 416.0 420.0 423.0 418.0 399.0 389.0 404.0 416.0 407.0 390.0 382.0 401.0 422.0 444.0 448.0 439.0 422.0 399.0 385.0 385.0 359.0 322.0 282.0 252.0 231.0 206.0 202.0 193.0 182.69999999999973 182.69999999999973 182.69999999999973 185.0
-9999.0 -9999.0 -9999.0 -9999.0 -9999.0 -9999.0 -9999.0 -9999.0 -9999.0 -9999.0 -9999.0 -9999.0 -9999.0 -9999.0 -9999.0 -9999.0 -9999.0 -9999.0 -9999.0 -9999.0 -9999.0 -9999.0 -9999.0 -9999.0 -9999.0 -9999.0 -9999.0 457.0 450.0 432.0 410.0 415.0 426.0 411.0 403.0 392.20000000000005 392.1 392.0 387.0 386.0 398.0 383.0 374.0 392.0 400.0 400.0 388.0 372.0 382.0 397.0 395.0 411.0 434.0 431.0 417.0 399.0 373.0 362.0 346.0 314.0 278.0 252.0 214.0 200.0 195.0 196.0 184.0 182.59999999999974 182.59999999999974 182.59999999999974
-9999.0 -9999.0 -9999.0 -9999.0 -9999.0 -9999.0 -9999.0 -9999.0 -9999.0 -9999.0 -9999.0 -9999.0 -9999.0 -9999.0 -9999.0 -9999.0 -9999.0 -9999.0 -9999.0 -9999.0 -9999.0 -9999.0 -9999.0 -9999.0 -9999.0 -9999.0 -9999.0 463.0 451.0 432.0 414.0 408.0 412.0 413.0 395.0 394.0 410.0 400.0 391.0 372.0 365.0 364.0 372.0 379.0 384.0 381.0 358.0 359.0 385.0 386.0 369.0 379.0 397.0 391.0 387.0 373.0 365.0 352.0 326.0 304.0 274.0 240.0 198.0 193.0 186.0 185.0 182.49999999999974 182.49999999999974 182.49999999999974 182.49999999999974
