result/slope_output.asc
nrows         236
ncols         218
xllcorner     466515.47101027
yllcorner     2626221.2241437
cellsize      90.0
NODATA_value  -9999.0
[rows 161 to 183 of 236, columns 52 to 103 of 218]
12.839618340398397 14.716376286156391 18.322903864184852 19.978171644293116 19.077234043314768 16.30726771871584 12.168945275119988 10.907782762423507 14.126612537555316 15.55252243256651 11.121152698499378 9.4945245097052 11.820529853995541 6.635705175904018 5.868128565410461 7.731802320387957 5.917925428867041 6.381322609062508 0.11253939479319922 0.0 3.147935817720939 7.309698050667798 9.077793916813004 7.332547908462298 3.9518507660302076 1.012750369636371 2.4743305429897537 8.359603830402726 16.515825073658114 22.525558247111775 22.116656599780438 20.738402086616823 23.2338110953309 28.557378876764506 29.508193449952163 24.889590281189093 14.24415761739711 7.330012706968351 5.502053850855621 6.991382314505643 8.711059857163306 6.671226398049396 1.4670154085463278 6.840521284784603 -9999.0 -9999.0 -9999.0 -9999.0 -9999.0 -9999.0 -9999.0 -9999.0
23.076512329896335 21.829253707465696 18.93063596609913 20.14692793707112 16.249024609310403 11.957762975178856 6.614109464432731 5.695251788760639 10.73372794877431 15.00587811323737 11.190744206177198 9.527250462200769 10.646666284428921 7.068192006764542 5.428795300433438 3.715402594313799 6.266050115841834 7.214106852054607 0.159154533744657 0.0 0.0 0.0 0.0 0.6752059787394532 2.1342998941463125 4.027546415802711 9.530452391310579 16.870201517998236 20.916321997473595 22.02958429904054 19.88442772232568 20.4419213576538 25.064277982168534 29.440015054710805 28.031940636841973 19.063240495237746 7.857815874411431 9.25139558963176 8.144649101873698 7.571802728303665 7.698154204540473 6.301750490571145 1.312195815248192 7.676441598404035 -9999.0 -9999.0 -9999.0 -9999.0 -9999.0 -9999.0 -9999.0 -9999.0
17.958256840098166 7.921202463386917 12.87413872578225 19.63068970732247 18.472202294095133 13.374526463798466 9.632310297711049 8.399993847719427 11.143322874966413 15.04582084624263 14.206880042431674 9.74803216349119 7.886053794582672 6.729688843059036 3.6864758654029117 0.9072469422956451 6.342156606823936 6.533657712466792 1.5791677179449233 0.0 0.0 0.0 0.0 1.509527000273529 3.659039487271128 4.2301245866227655 9.629144775956854 18.13702855438349 20.096127795553826 19.184452289296836 16.938120117487067 17.549989197881057 21.799742004631362 22.683248151276967 18.26232211286936 7.427382693977691 7.66757724275191 10.211060513926807 10.211060513926807 8.34560287569993 7.296971413230473 6.890288201248291 4.832936882806923 6.8359783623007235 -9999.0 -9999.0 -9999.0 -9999.0 -9999.0 -9999.0 -9999.0 -9999.0
10.473058148361334 14.559506784736588 13.912866378273275 15.60952586912567 15.683440289791532 10.31978376628094 5.164013498571674 6.813216577901556 10.832289704472938 11.235804145993537 14.922514190806003 10.79376653603442 6.1687960561414865 5.583292912788976 2.5497633096821253 3.379755012311373 5.18942386154913 5.207496550714349 2.227046967413575 1.1252507019146476 1.9354669211172422 1.638153910517085 0.45014889590805335 1.9091524329963763 3.7558568455155075 2.476882170491 8.82653853340299 20.738912680236215 21.530843789022438 17.26496929457257 15.15881968205523 15.05003819302194 17.41879866950441 15.903060596953388 13.386839293409423 5.768291703728225 7.506142784255756 11.539038016403994 9.28306569679184 7.95851453538552 9.47908206419427 8.306415725948339 8.673619911384739 7.6084758747075565 -9999.0 -9999.0 -9999.0 -9999.0 -9999.0 -9999.0 -9999.0 -9999.0
16.569168212773807 19.50591419005407 17.71328086633077 16.444025491729608 14.624713477272469 11.27426877031875 9.94522270221244 13.69010030571428 14.851451894040403 12.713064211177217 14.708500849366764 11.485371105544893 7.296971413230473 9.173709390429659 9.174376356262172 8.153724997926536 7.047090120940347 3.659039487271128 2.8201975109296358 7.566081287971379 6.285909495708061 4.089542126835764 0.6365935759634864 1.509527000273529 3.087238793939406 4.924209734484846 8.820976636043513 21.34231267537039 26.517589629742968 24.05876071303057 16.83276838605692 12.08881768365196 12.064119041392722 13.668236081721343 14.575442521232604 8.937003261463754 6.87584913505895 14.100152119088389 7.0002556142103955 8.445279494401746 11.768288932020647 9.233530055774892 7.061165336782635 -9999.0 -9999.0 -9999.0 -9999.0 -9999.0 -9999.0 -9999.0 -9999.0 -9999.0
12.916798356931679 15.093280743082632 20.7825050255481 20.795736394532423 15.101300742292135 12.552480139875492 13.78438236174404 17.109734569428905 16.335078728639733 13.019349463069723 14.538759602318212 13.264452812033042 11.130891939444693 10.842871188032067 7.4871540274850785 3.0378012117571895 3.381619493476642 10.842314550192912 16.901206378013878 17.818081134266052 16.538761180537787 15.067276363582497 11.69584093804521 8.31530537912734 5.541697540188128 3.660760351278632 4.653010876076016 17.94745216996116 28.780526624737874 34.904467280287626 22.855856110386036 3.440744519814838 7.5267259062021665 14.719918610357034 17.689081348241228 18.19086099753846 15.325334081712931 12.030933790182331 3.4389123953782974 1.7210061534334908 -9999.0 -9999.0 -9999.0 -9999.0 -9999.0 -9999.0 -9999.0 -9999.0 -9999.0 -9999.0 -9999.0 -9999.0
16.919509454227438 15.186154592998964 16.58690239754805 16.732327264217563 13.092619700090227 12.103609763909073 19.78410548081532 22.813941739617725 19.679265373194795 14.688395928661551 13.772053059764701 12.192428573364309 6.603755221333418 3.869781103359277 2.890926820060276 5.1628002936338095 11.553579277019223 15.279862089183611 17.855121307618845 17.728031483686046 20.630023194306162 22.781985181112653 20.932462544226624 17.148707697244188 13.112889633993698 10.326244122740508 3.1837942594598934 9.719867702432296 24.029836572118015 40.64022143815707 30.934609870357853 7.360374961249506 8.797296839500957 14.036243467926477 14.260915812618672 18.663496604558723 18.72855271777666 15.90915867990915 14.82923533830241 13.81663321622662 -9999.0 -9999.0 -9999.0 -9999.0 -9999.0 -9999.0 -9999.0 -9999.0 -9999.0 -9999.0 -9999.0 -9999.0
18.53546014125278 18.383529125627884 12.822549366490055 6.410534893549485 9.478438042653694 14.285398583522028 22.58909624383327 19.193516920934954 13.342363797088238 12.589308694351434 9.832622972915749 2.3078693310250187 7.479709919071152 8.493206060136748 6.814128564633447 7.296971413230473 12.810539492484752 12.88699938883207 13.202548211490393 13.125483992747862 13.672097409365 15.573146177561862 14.112976104839673 11.54579184391483 12.314408011515964 12.562880040739847 5.16765136732678 2.149056510028617 13.988297722425491 39.1088872746959 33.909531494422154 7.757336250317931 5.4712704335233875 9.827668784243833 5.363853381920777 5.275595734627504 8.204955143083769 13.495768115674109 13.519692644101001 12.454622919065063 -9999.0 -9999.0 -9999.0 -9999.0 -9999.0 -9999.0 -9999.0 -9999.0 -9999.0 -9999.0 -9999.0 -9999.0
19.393767899599304 18.15316927775788 12.958842095998698 7.0153134365476895 8.626043214194901 13.491412953542321 17.890203908370992 11.5473497968943 4.472736095038504 1.7210061534334908 5.538310905282452 10.280928906655951 8.626043214194901 7.8923144720963005 9.132255809440608 10.820581177705032 15.967485324097762 16.738731980922587 15.694746484746174 12.299900341200699 5.316969156636038 11.875031602346485 12.284404244258749 12.552480139875492 15.851292237654219 12.49320402028161 3.093362514436469 4.234580706293323 11.073946637302189 33.17012177124554 32.768966218759324 12.102131467787395 9.416391770709883 7.179645410861982 7.410690100739152 9.544527167577256 11.33805624467221 10.849548398995696 7.829470948498246 8.06477565640083 11.704540602425618 -9999.0 -9999.0 -9999.0 -9999.0 -9999.0 -9999.0 -9999.0 -9999.0 -9999.0 -9999.0 -9999.0
14.02708598235915 14.513576860926523 8.803571613677475 1.006480703213333 4.000903452752258 10.466117855364173 15.320456396128517 11.218125848095717 8.096063151328009 10.514595035133008 13.91959061491351 9.57324722044602 5.686466228242339 6.671226398049396 9.956834559364065 12.155223164910714 18.078402310333683 18.26232211286936 14.051629034188819 6.8359783623007235 8.453287233471896 16.463645316535214 16.21753011733011 15.0993916784575 14.623127142431354 8.380191745041826 1.012750369636371 5.031260613033999 10.417976164434593 27.964520007917574 28.680996235258483 15.074930249736608 14.485535674268275 8.710355024840405 11.35235383055351 15.061149923898807 16.392948271244578 14.455420623324965 13.666519531616059 13.986626604090866 13.300374574266828 -9999.0 -9999.0 -9999.0 -9999.0 -9999.0 -9999.0 -9999.0 -9999.0 -9999.0 -9999.0 -9999.0
6.864999134333346 8.921900704191192 7.258651783638547 10.896163213861847 11.157896235482465 12.41111725442661 15.789188455800653 11.90719758529766 10.011033055632199 16.07841366382767 15.156158986961124 11.500509303960497 11.57690668935019 11.74945955906057 9.385203546072045 7.866455427278967 15.609892820437462 11.229379228528547 4.1201854944353675 4.924209734484846 9.35390379159242 16.500741241840792 15.940680048465309 13.521430708701432 10.377769514087351 4.1140753309278875 0.0 3.3062126012525224 11.096220730331327 25.393853271656067 24.509973460087938 15.909875915266637 15.42063875689952 11.377722693424785 15.619796584209222 17.359662192831326 17.678067726966532 16.424031944119967 14.535964052592579 11.377722693424785 8.18615983912048 -9999.0 -9999.0 -9999.0 -9999.0 -9999.0 -9999.0 -9999.0 -9999.0 -9999.0 -9999.0 -9999.0
7.957739076982244 11.323738691099807 10.404010432683606 4.124762095270375 3.735685102633891 10.020742973902644 11.156817446975522 9.421579043017086 13.990386294030765 17.393118144442386 15.678331044183233 14.36463063616984 12.238756820682008 10.468431843697562 9.189702288152244 7.26291993645517 12.276647945016299 5.569837415943236 11.39934246402232 11.593463365615401 7.743782347416435 13.606282695192876 14.779201492560402 15.841202380912181 11.386692502702454 2.968470223062053 0.0 1.2829337195690858 11.393019426906097 22.0921290548614 19.508131800015327 15.438499696889185 17.03112492938377 17.212984515327744 17.998931678455094 17.97706809967091 16.705326771659678 14.342335011719522 11.183752740639024 8.45619714858644 8.06171636937396 11.518750163333358 -9999.0 -9999.0 -9999.0 -9999.0 -9999.0 -9999.0 -9999.0 -9999.0 -9999.0 -9999.0
12.103609763909073 9.216291183382388 9.618373615935862 8.767251443500896 9.865993514252178 6.766536089581211 5.578811444495717 12.39241923884857 14.714407893330247 14.485535674268275 10.780331798835622 10.689728733091544 7.8923144720963005 7.238128106627684 8.640985226206297 7.238128106627684 5.4712704335233875 4.874289611720704 8.098347480745392 9.81961247367341 11.481191155656763 14.114216415139452 13.634287999830576 14.82923533830241 11.616701849083254 2.793209255200498 0.0 2.489600884895542 12.979350497927722 18.177801799217395 14.10263524140427 13.080891829995476 17.99000556983078 18.648509746007168 18.09827688022247 19.433381010679962 18.321099173332023 17.667675511497166 15.7242422183209 13.000731035295967 13.112889633993698 11.391438060524065 -9999.0 -9999.0 -9999.0 -9999.0 -9999.0 -9999.0 -9999.0 -9999.0 -9999.0 -9999.0
-9999.0 -9999.0 13.872441502548263 6.9700384640608055 3.4626536733693762 8.468552479916681 15.18956733427063 16.91651608571675 15.20775319925441 11.85739961456309 6.309655592142021 8.222955995978879 3.598285147318022 3.2153299884742874 4.386220872827734 5.275595734627504 5.92108933047608 9.039258808790404 8.671495535960632 8.22595209694601 11.429324006578677 13.37100612081977 12.516003558532375 11.961258655350548 9.312651718430828 3.101508521071128 0.0 3.9326962592192376 10.873993030351267 15.092134614899406 13.560902376795648 14.336247338060241 15.865333029345393 16.95405194456963 19.46343806773357 19.211346516583987 15.062298857052163 15.262909704931326 14.373132824662276 9.707321893948901 9.245444516265225 5.334600150917137 -9999.0 -9999.0 -9999.0 -9999.0 -9999.0 -9999.0 -9999.0 -9999.0 -9999.0 -9999.0
-9999.0 -9999.0 12.776287350784022 11.60431442573642 12.958842095998698 16.652181193350618 19.46482811339192 17.4783229133237 12.858042323670592 4.492353222313803 9.918275645440893 12.00112843533742 7.977101750643221 6.5659608788814605 5.2933677037992 10.340324208491381 12.953823304878773 14.442951532577585 12.27810267085879 7.970136888531037 8.027983173933338 10.155626804959606 11.761168254088206 11.54579184391483 6.951306695345186 2.294138440214794 0.0 3.381619493476642 7.746973739247728 14.50837402659199 15.840120863627748 16.796238729882134 16.715795851369286 17.001405701708595 15.382228245095305 8.261815869137564 5.747675703391867 10.211060513926807 12.568548613912665 9.312651718430828 5.645650477811705 8.60893293413573 -9999.0 -9999.0 -9999.0 -9999.0 -9999.0 -9999.0 -9999.0 -9999.0 -9999.0 -9999.0
-9999.0 -9999.0 -9999.0 -9999.0 -9999.0 15.809440678928482 16.42644654190875 11.614122346568218 11.877548072775069 13.109288706558921 15.42063875689952 14.650463060330116 11.445593246207565 11.062518829126269 9.7698773569139 15.06153291319609 17.653807205632088 14.98855599772945 13.987879964599987 12.411596273245703 13.259565945346816 13.9569255462169 11.771847471326344 7.275708724820442 1.5303392117811871 1.7465423035516847 3.8957168905328294 3.835470974097255 1.8622048549169343 4.560337803526502 8.160524935820368 9.115483659353544 7.4672858256520005 4.370434597590667 1.7173270594056518 1.509527000273529 4.630019514431122 8.077000600578957 11.678419971377872 8.50839548312883 6.457954637909866 12.663070780190745 -9999.0 -9999.0 -9999.0 -9999.0 -9999.0 -9999.0 -9999.0 -9999.0 -9999.0 -9999.0
-9999.0 -9999.0 -9999.0 -9999.0 -9999.0 -9999.0 7.721403858927273 5.275595734627504 12.97707360998765 17.39054747478766 16.569168212773807 12.80267996307666 7.803393100967751 10.599418974346948 13.440774367983472 18.78399959818761 17.280526620547295 12.180693277034566 10.857888579164836 12.178736160047874 13.0411081384116 9.974529738373425 5.2933677037992 1.8000401824893766 1.7210061534334908 5.1821767494893045 6.492565483112628 6.301750490571145 4.630019514431122 1.8554008069944203 2.7012892650786107 2.274775356805859 6.36862095073562 3.6244487599228044 2.316068623750957 5.0012713260224055 7.012658617454983 7.641728745987874 10.983804095307521 11.07177091307479 11.681496360183395 10.257894004169472 -9999.0 -9999.0 -9999.0 -9999.0 -9999.0 -9999.0 -9999.0 -9999.0 -9999.0 -9999.0
-9999.0 -9999.0 -9999.0 -9999.0 -9999.0 -9999.0 5.993384935247707 13.164528627385868 15.608057960051633 19.740239284002122 19.108029638838726 15.486008157356357 10.459172541899747 11.955265361087635 13.000731035295967 11.070138810942703 7.187414250982758 5.423029283854784 0.9680096111071476 3.777586629162851 4.416199166696657 1.4626961733637338 0.0 0.159154533744657 3.3195335880162893 6.678679606905015 3.500661565498763 3.3062126012525224 4.84848628107663 3.822318461397719 1.4098317847360127 5.428795300433438 8.897128516927719 1.9124616044886842 7.676441598404035 4.673201789710377 5.173708674001296 11.157896235482465 14.801506890330417 11.844787400501575 6.897495960922657 6.926249082072704 -9999.0 -9999.0 -9999.0 -9999.0 -9999.0 -9999.0 -9999.0 -9999.0 -9999.0 -9999.0
-9999.0 -9999.0 -9999.0 -9999.0 -9999.0 -9999.0 14.462253155010837 17.007354711881806 16.970296539403275 19.93218152428525 18.2743987108697 12.425957157871247 5.724800887853271 2.4148953949101633 2.318795250496371 8.742714844524963 11.247038001957078 10.530700016499571 7.047090120940347 3.353542422716398 0.9614479945373487 0.562679607798284 2.5373477174551478 6.492565483112628 10.040132317314058 8.375049783212845 2.654128422009505 6.5659608788814605 5.68646622824234 1.599072072043381 4.38192125320485 9.040613885447794 7.250962504644717 5.4149462982081875 8.843201897709356 0.46400226459282184 5.947387851945458 13.1483883017596 16.329868576747902 10.482881655565379 3.777586629162851 10.662553525742954 11.02105201027704 9.936045081156562 8.21920924889906 7.111072682019153 -9999.0 -9999.0 -9999.0 -9999.0 -9999.0 -9999.0
-9999.0 -9999.0 -9999.0 -9999.0 -9999.0 -9999.0 14.839763876478514 9.809066523224795 6.975380793155673 14.872851692217806 14.244975624962564 10.12928537503251 13.198975238449098 13.916649225448818 13.547470863911288 11.788607319998338 10.787051459273943 11.984700127450582 9.936045081156562 3.0001843873685723 1.4670154085463278 4.766275238009529 8.640985226206299 12.413033204669263 8.855677528370592 2.8799906285217305 5.363853381920777 6.871330463745065 4.80560206134371 3.4242197704894823 8.833485666256967 6.18192169171569 2.4148953949101633 8.823062784640772 7.5464304468209855 0.8114798977820936 6.7333829788948005 15.06153291319609 17.71265283595711 6.557426069430245 8.803571613677475 8.837651157201584 6.890288201248291 7.275708724820442 6.022467581095175 4.874289611720704 -9999.0 -9999.0 -9999.0 -9999.0 -9999.0 -9999.0
-9999.0 -9999.0 -9999.0 -9999.0 -9999.0 5.816819743504454 8.739203639219467 12.770723120302613 15.345575391348765 19.31141110079355 17.051890079871345 15.674680353972043 18.43494882292201 16.876875187720753 12.42404345460773 10.153833152664369 14.167018430780034 17.381224799486812 10.09083744005238 0.9072469422956451 2.3859440303888126 4.300860423272769 7.769274975444485 7.3088503276580195 5.645650477811705 11.41828831778636 8.207207528061794 5.78991130988102 3.0001843873685723 3.9326962592192376 8.204955143083769 5.868128565410461 8.427050134010498 7.967039338183804 4.143017244095764 1.9354669211172422 8.658028307909973 17.083143246452856 16.688762339996824 2.8668117574401006 8.713878580903755 6.83234176639437 3.381619493476642 4.721301460748871 6.310643010985851 6.725068214101029 7.193450636967003 -9999.0 -9999.0 -9999.0 -9999.0 -9999.0
-9999.0 -9999.0 -9999.0 -9999.0 -9999.0 7.397307684937652 7.66757724275191 6.345102719919413 7.330012706968351 15.353064071990946 13.795000832728654 11.914722460357869 12.08881768365196 12.265003153107942 9.784826526852527 10.761829027585748 18.544939633542995 20.428116171706 11.800779638566599 6.827793193846727 3.3062126012525224 3.0440251538157685 9.996449036426627 8.18691252530053 9.588526770550649 7.907162702958458 2.6350263783644494 1.037449893346291 0.6752059787394532 2.385944030388813 6.309655592142021 7.9631656178351475 6.63289247430463 3.4389123953782974 0.22507792123580433 3.8665267475612546 11.039078394178759 16.994131174577053 13.970321022041187 2.9705951106290143 5.884068265260696 8.016449058228073 9.121525428616778 8.292319849447418 3.5842523016974344 5.320500137555949 5.118929261883352 8.936317371488409 -9999.0 -9999.0 -9999.0 -9999.0
-9999.0 -9999.0 -9999.0 -9999.0 -9999.0 8.016449058228073 9.332974772073126 9.424171530542447 8.482338833742084 10.619939993615558 7.692531179428987 4.1140753309278875 2.476882170491 7.233844696725224 3.5186148411545735 6.058618796708479 19.582229783508698 19.193516920934954 9.772993801059815 7.085726953533679 6.957556443480622 2.6326288220523537 7.427382693977691 4.702655543575187 5.569837415943236 3.016961309815993 4.000903452752258 0.0 0.0 0.3376147110174216 1.0675202709770988 1.8723644369780246 1.8140391651067964 0.9002422270246385 0.9002422270246385 6.453132392082752 13.35118433215344 15.190325597069325 10.696510735778114 3.981987920418489 3.8469420952310776 6.230138579884795 9.936045081156562 11.885596780968108 5.072200441879915 4.158167796357627 1.563061375186392 9.031123793006655 -9999.0 -9999.0 -9999.0 -9999.0
