result/slope_output.asc
nrows         236
ncols         218
xllcorner     466515.47101027
yllcorner     2626221.2241437
cellsize      90.0
NODATA_value  -9999.0
[rows 184 to 206 of 236, columns 52 to 103 of 218]
-9999.0 -9999.0 -9999.0 -9999.0 -9999.0 11.117362676797772 8.988286080318487 6.477206499008209 6.202059048591804 8.243157374609012 6.770209374309175 4.874289611720704 5.610104636738722 6.174857616589448 1.6611607866053755 3.167907693178687 18.22148785363914 17.503209030957343 9.47908206419427 6.206078433773226 8.913651455548775 5.4149462982081875 5.802843357897616 1.1252507019146476 3.0687937453213516 1.7501598353241763 3.353542422716398 1.012750369636371 0.11253939479319922 1.6913487961324822 3.9709117098287763 4.124762095270375 2.0248682972773406 0.0 1.2730300200567113 7.126757309664424 12.49320402028161 12.113952174551443 9.791670003510252 6.900196854386935 6.7922058050835075 8.820281136538227 11.43247489342293 12.155223164910714 5.871320064758182 4.100293712915969 5.2933677037992 -9999.0 -9999.0 -9999.0 -9999.0 -9999.0
-9999.0 -9999.0 -9999.0 -9999.0 18.721533743266413 8.997143421065061 2.942851043052489 2.484521251438339 4.737224206416462 7.853885504314691 8.427050134010498 7.342679576710695 8.427780109606461 5.322852793549543 5.2933677037992 8.447464220064369 12.91862958516179 12.002620670476464 10.460909341483736 7.757336250317931 10.768561337657054 6.9010969081776254 4.65840382810371 3.7407383524451068 4.270059816056105 2.7384298122157897 1.5751566030890896 1.4320961841646465 3.4862317109070875 9.534293181066 11.039078394178759 9.361739247414354 6.137379659610731 1.012750369636371 0.9002422270246385 6.1687960561414865 11.576906689350192 12.625545951830574 12.983902908933425 11.038532615965035 11.182676702585246 12.204151201043558 11.881573187816862 7.657087318978112 1.7210061534334908 7.510264129995058 10.126887014779657 -9999.0 -9999.0 -9999.0 -9999.0 -9999.0
-9999.0 -9999.0 -9999.0 -9999.0 19.13989732503139 7.692531179428987 4.07104387395649 6.010021329800972 5.658921118768502 9.121525428616778 10.26439671565626 7.479709919071152 9.4945245097052 4.170248052407578 8.159014354942736 13.510998458853324 13.986626604090866 7.957739076982246 7.110200257330188 10.262623692879309 11.808380234541838 6.36862095073562 2.294138440214794 2.8799906285217305 1.8000401824893766 1.012750369636371 1.4320961841646465 1.012750369636371 7.654664427860474 12.050263026076259 5.432251902156611 8.876428780934129 6.671226398049396 1.4320961841646465 2.137259398637407 7.2072283038855955 8.198194070559165 3.093362514436469 10.697640612214322 14.97853682196003 14.127438494914642 12.225122675735754 7.536584915274198 1.7025309906284873 8.847362521354968 7.981741440024563 4.857533338413092 -9999.0 -9999.0 -9999.0 -9999.0 -9999.0
-9999.0 -9999.0 -9999.0 -9999.0 17.370608604745385 6.033853425741449 3.8157250013984565 7.789130182236774 5.879822022691547 9.921341795603245 10.14306401361159 6.360791520802478 10.342668862305256 9.30674257192163 7.89544285442803 12.651826563179153 9.519561110839417 9.308712733845564 9.21164405170864 11.278533674771449 8.459106004104362 4.420464922197141 1.4626961733637338 0.0 0.3376147110174216 1.610896395581858 3.6192313290166784 4.84848628107663 7.6570873189781095 8.975323970497602 9.662642525718683 11.456075946127376 5.396424351416364 0.9002422270246385 4.027546415802711 6.897495960922657 3.471741285563965 5.020036055346784 5.633457546086345 6.309655592142021 3.843668167321381 2.1637121123093976 3.1659162211954697 8.755342794597675 6.280950726696118 1.9124616044886842 5.730255777235156 -9999.0 -9999.0 -9999.0 -9999.0 -9999.0
-9999.0 -9999.0 -9999.0 14.821040356662307 12.601086963960558 4.65840382810371 7.418206625114527 10.234802763423211 11.539557697352889 13.395626214314024 10.773607546101486 7.159751795528122 8.050233137701392 12.106073141102074 6.3578529166790725 9.841904821690237 12.913592996362771 4.77679463940652 5.438007905136233 6.32543519608193 5.848941971373918 4.180789239024049 2.318795250496371 0.0 2.274775356805859 5.538310905282452 8.96986026566661 11.135217477925618 7.913405829230431 1.2171181316034883 7.829470948498246 6.120080729914016 1.3502244696996157 0.159154533744657 3.591275650562665 6.703770784899772 8.77284956826042 6.990494340294632 2.263636058426967 3.8157250013984565 0.6060213672010365 1.1082476896838922 5.569837415943236 5.031260613033999 5.275595734627504 7.571802728303665 -9999.0 -9999.0 -9999.0 -9999.0 -9999.0 -9999.0
-9999.0 -9999.0 -9999.0 10.112483901198077 6.1687960561414865 8.034895277415062 7.410690100739152 13.916649225448818 13.88761683029999 13.893934209264717 9.918275645440893 5.759620519825523 6.096595773268182 9.689099381495948 11.826599444094384 6.190991861540197 10.219970876319401 11.039078394178759 7.519322772846279 9.148326170217409 10.796003877845099 6.941473844739957 2.942851043052489 2.942851043052489 4.721301460748871 7.579152222258715 10.578854461327772 9.723001429232351 9.66453488762744 7.62795939828378 7.7190021275463145 5.984006040803186 0.9002422270246385 0.11253939479319922 1.3549028962979939 2.7199233149201802 3.109633021988153 3.147935817720939 6.002748747198823 2.717601087856846 5.569837415943236 5.78991130988102 6.908292952821979 4.2774137115339945 6.484890694204674 3.195656930927141 -9999.0 -9999.0 -9999.0 -9999.0 -9999.0 -9999.0
-9999.0 -9999.0 -9999.0 11.885596780968108 15.376998525487314 14.487941703148278 12.839618340398397 16.957700372077323 14.882566829789898 17.689081348241228 16.069913735378908 9.707321893948901 4.089542126835763 2.0279880814528877 6.451202450134622 9.35390379159242 5.4149462982081875 5.641219812715514 11.615670124466167 10.357309866020204 12.38809979479517 9.71296966845748 7.055011025578186 7.125016348901798 6.328389348878505 6.876752499271935 8.97941942344968 2.1637121123093976 8.739203639219468 4.44314535201276 4.6906290350148225 7.235558377995148 1.9124616044886842 0.0 0.0 0.11253939479319922 0.159154533744657 2.0279880814528877 5.759620519825523 5.101764230031177 4.955940174821627 5.724800887853271 7.946097649177653 5.944238349075926 4.340135233035292 3.55424661965986 -9999.0 -9999.0 -9999.0 -9999.0 -9999.0 -9999.0
-9999.0 -9999.0 -9999.0 20.556562000008903 22.57323586047898 20.541050893348245 20.28436556070771 18.05880623458379 17.81683439017487 21.869859308909426 21.176264920303524 16.188418904443548 9.694758592450734 11.350766193598146 10.571417649025921 4.069498505936609 4.0586642321882005 6.893893059635488 3.8206711757963414 8.742714844524963 10.033471806108798 8.716696336468738 7.057649271398043 9.920728647509225 12.750761996054939 11.761168254088206 6.876752499271935 0.6845187244284203 10.825043206197623 8.536528464234369 7.8829214962887475 6.120080729914016 1.8622048549169343 0.0 0.0 1.8035501419615323 4.483956563057458 5.3216765985636085 1.6226343758604127 2.8447103878693705 2.4148953949101633 3.0378012117571895 5.525875042147901 5.397583879503064 4.9293006035608435 5.876635270464497 -9999.0 -9999.0 -9999.0 -9999.0 -9999.0 -9999.0
-9999.0 -9999.0 -9999.0 16.831764295258505 17.981381905933155 18.661440507023002 21.173535912596044 15.741326465169939 13.456950139244553 19.000533119595268 20.62822315126279 14.71322670844444 7.360374961249506 11.953766512583083 12.262090012252504 11.447166329316746 0.8192443792205908 9.200347707707557 6.767454604674536 5.524743086457964 7.159751795528122 8.614640366537119 9.937881338444566 12.06856897660393 12.074499365775747 11.936764857588107 11.46707135276047 10.163395330405756 15.559523458263373 11.93526341184472 2.811230398159263 2.703625586811466 0.45014889590805335 2.6085313777998267 6.576376741953318 11.665078522783196 14.669048811830306 13.970321022041187 12.132150467909812 9.13225580944061 6.0172848640320336 1.7210061534334908 2.8134748729992376 3.8436681673213817 4.120185494435367 3.527556871329745 5.583292912788976 -9999.0 -9999.0 -9999.0 -9999.0 -9999.0
-9999.0 -9999.0 -9999.0 13.912866378273275 11.844787400501575 18.853735407144793 20.21078162421633 11.195581630215502 12.253345917840104 20.0758660528939 21.294139344704938 9.62217668328166 9.836955678849453 9.67147013728071 12.762371611831634 13.552671978915445 7.831837141043874 2.4666597445069343 9.093967088398092 7.0188515705414805 1.5751566030890896 5.676565790493107 10.166978631833393 6.410534893549485 1.9934010324810942 4.903792362690797 1.3170095360042926 5.089467295027239 15.145130173757282 14.295177963339812 2.5448043798130957 0.0 1.2829337195690858 7.506142784255756 13.150631368119333 16.247276870181626 16.034793606078686 14.613207953715987 14.638585269285588 10.873993030351267 8.49030957338235 5.78991130988102 1.1961379135130228 1.2171181316034883 1.922354839104649 0.6060213672010365 5.815745862212939 -9999.0 -9999.0 -9999.0 -9999.0 -9999.0
-9999.0 -9999.0 -9999.0 10.433082730900697 2.8313662080932556 21.95028109260816 25.40619925250718 18.460291715080807 19.77321914637618 21.526964777996195 14.579821256075727 7.380544013599361 16.42644654190875 14.260915812618672 18.351447785210315 19.709920398747666 17.154266277900803 11.945269066172735 3.2620572437773534 8.357394801776998 9.280430939864935 8.548760861501089 7.413196493723835 11.41408113733818 15.649462614632935 17.949304986511518 19.666930732177494 18.64351066154366 18.20421149580342 11.325330518811917 1.8000401824893766 1.3502244696996157 5.7215253911318085 12.772578169490428 14.637000705555236 13.592902870428102 12.40392946961571 11.90519005460663 13.946869128819971 10.176527410054078 6.8359783623007235 7.641728745987874 7.8711637116324615 4.625950145406503 1.2580280993012338 1.3734570131696513 4.7213014607488715 5.316969156636038 -9999.0 -9999.0 -9999.0 -9999.0
-9999.0 -9999.0 -9999.0 11.4419217870397 10.74891252309045 25.62402697303865 29.27823059934544 18.92371426818713 17.228600532343396 12.684123261193582 7.43071651034355 21.902314720614175 22.305966274486472 17.966894627374316 18.798555617331335 19.775124831315274 17.528368921801512 16.593717028858254 10.873993030351267 8.59178650663857 13.453891573531115 16.566437803499376 19.015160344347876 18.99737629974953 15.496007159679108 13.056495510426709 15.439986990629265 13.191378993531872 8.618205475781012 3.6313935493230582 2.811230398159263 8.17787546807245 14.18922556009811 18.82501006558429 18.721533743266413 16.057153582466036 10.599418974346948 9.045354948003013 14.683265950165469 11.514062718116564 4.2301245866227655 4.1140753309278875 6.686124205273516 6.670294140079341 2.0028932927016494 1.2829337195690858 2.3187952504963705 4.044691235386269 -9999.0 -9999.0 -9999.0 -9999.0
-9999.0 10.761829027585748 5.676565790493107 11.35235383055351 17.365780371569237 28.258109382356537 27.47532167482073 12.77489655104575 11.199342477461606 9.432591835633394 21.47839454172961 26.039257082097482 22.89255099372006 20.029641246589648 18.370645275454034 20.989824669974592 19.650743060991232 18.21876140161666 17.57379626300664 10.948619934668736 6.755503803112138 9.237503369616856 9.611397120568526 7.418206625114527 4.156655260968523 1.2829337195690858 5.042459670765817 6.1687960561414865 6.5659608788814605 5.887250880622094 9.921341795603245 16.10388071379816 19.949141764945487 23.281347790277223 20.907235415482422 12.041346157372962 4.2774137115339945 11.247038001957078 14.051629034188819 10.003743922198264 3.985146824891431 3.591275650562665 7.234701590270085 6.926249082072704 1.7136400476069502 2.0650566670101114 2.3646648236818906 -9999.0 -9999.0 -9999.0 -9999.0 -9999.0
13.065537247050468 11.470733892480121 10.052230095483228 12.265003153107942 15.649096780194936 24.65223572323068 18.40268362359208 3.5132385881564665 11.630105013404508 14.098082461204292 23.1343702984727 20.865772198569253 16.11341823308929 16.312834559876617 19.63041481502353 21.8873984040946 22.828446031027326 20.834346754828363 20.22980559708526 15.599614256886394 6.905595349049146 1.6611607866053755 0.6561839510398852 3.418693600708423 7.914185856007194 13.099830892029008 15.835072601444834 -9999.0 -9999.0 -9999.0 19.03149104657716 21.829015934607078 22.913861496821358 23.43255754631402 16.167334837340785 11.761677033232738 12.832701595317515 13.713206766559175 11.45450421882357 7.8523127776269686 6.36862095073562 5.285081724372944 5.759620519825523 4.072588647671146 0.8788929603078494 2.968470223062053 3.735685102633891 -9999.0 -9999.0 -9999.0 -9999.0 -9999.0
14.376370203944283 13.616199862733506 14.661143376318472 13.390794227414686 12.726109866997156 20.040876606871414 7.380544013599361 12.36695803947605 16.232236828695857 18.147080593662345 21.15764838950905 18.20421149580342 14.181827692845996 14.559506784736588 20.596043419016265 21.355068021805998 22.440285813980573 19.547991874783765 20.662900582905994 20.762126531218644 14.501967526824545 5.569837415943236 2.2411906771057373 -9999.0 -9999.0 -9999.0 -9999.0 -9999.0 -9999.0 -9999.0 -9999.0 -9999.0 -9999.0 -9999.0 -9999.0 -9999.0 17.36191657309186 15.335458731342277 9.344099568427842 5.961015914468944 5.698542789718485 4.5823147648922165 4.179285006125149 2.703625586811466 0.7205666619292026 3.9326962592192376 -9999.0 -9999.0 -9999.0 -9999.0 -9999.0 -9999.0
16.11341823308929 15.054637333264521 14.352474415561227 13.69224168612041 15.633356144060237 13.74991329849613 7.178781665548052 19.375599475769423 17.987850147128995 19.249761914086005 20.895111529506938 20.17557651869588 15.128378509366811 15.0993916784575 21.611837238450914 22.133453183344628 21.438940011556276 17.721756522654722 17.457870219177984 21.21714176648374 19.324046710538596 7.721403858927273 2.092425729672803 -9999.0 -9999.0 -9999.0 -9999.0 -9999.0 -9999.0 -9999.0 -9999.0 -9999.0 -9999.0 -9999.0 -9999.0 -9999.0 -9999.0 14.355717253434808 8.88885478141281 5.636785574576783 6.92266172781744 7.196036043967266 6.11702274367028 3.2153299884742874 0.7205666619292026 5.220709218684813 -9999.0 -9999.0 -9999.0 -9999.0 -9999.0 -9999.0
-9999.0 -9999.0 10.07155380878839 7.867240346925808 6.941473844739958 2.811230398159263 16.175772484300857 16.20526208231941 9.227566652709884 13.449957956480986 19.828113708171262 20.144803638350965 13.373206459875568 17.046948850113953 22.457423157990576 22.209974652151786 21.397183485306922 20.52914824971405 20.761361805219693 24.83638091103503 23.880251975069534 11.34600180822377 1.5011211722618352 -9999.0 -9999.0 -9999.0 -9999.0 -9999.0 -9999.0 -9999.0 -9999.0 -9999.0 -9999.0 -9999.0 -9999.0 -9999.0 -9999.0 15.039684014112767 11.039078394178759 7.908723970205118 10.179509410151503 12.582235745890369 11.166522406842956 9.379343371249714 9.164366420244274 -9999.0 -9999.0 -9999.0 -9999.0 -9999.0 -9999.0 -9999.0
-9999.0 -9999.0 -9999.0 8.710355024840407 9.764888815306495 15.901625342160493 16.93579517199379 12.528807709151511 9.173709390429659 12.155223164910714 17.490452480810468 16.419546536130245 11.666105390614867 18.44240726888477 21.380791765797646 20.072931156229426 18.67171806400788 18.465950473895397 21.124579263934567 24.591448546924216 24.45045865056275 18.066464177836732 11.681496360183395 7.624715765806338 -9999.0 -9999.0 -9999.0 -9999.0 -9999.0 -9999.0 -9999.0 -9999.0 -9999.0 -9999.0 -9999.0 -9999.0 -9999.0 15.02087142711994 11.017770999732061 9.00258947373963 10.500769315512516 14.455420623324967 15.128378509366811 13.68581638339567 13.59376654330582 -9999.0 -9999.0 -9999.0 -9999.0 -9999.0 -9999.0 -9999.0
-9999.0 -9999.0 -9999.0 -9999.0 16.11094620275174 19.082085811638155 18.864166885316543 15.866052664600133 13.79457627559062 13.592902870428102 16.5373929579606 13.717908123358646 6.356873070135113 17.16733643750305 18.599325740067936 17.758112269626594 16.51856577082679 16.796238729882134 19.69323222457298 20.69237811886899 21.296108566277695 22.192795853797254 23.20378303215975 -9999.0 -9999.0 -9999.0 -9999.0 -9999.0 -9999.0 -9999.0 -9999.0 -9999.0 -9999.0 -9999.0 -9999.0 -9999.0 -9999.0 -9999.0 10.606834346352132 9.931146600540696 7.731002959533598 8.9964624172835 12.370805022742745 -9999.0 -9999.0 -9999.0 -9999.0 -9999.0 -9999.0 -9999.0 -9999.0 -9999.0
-9999.0 -9999.0 -9999.0 -9999.0 -9999.0 -9999.0 17.67397474514027 14.361795262789325 -9999.0 -9999.0 -9999.0 -9999.0 -9999.0 -9999.0 16.53773502664951 16.687409245884634 19.07523578708737 17.26756339967192 13.931348963678351 19.37811644348922 20.794719006094862 -9999.0 -9999.0 -9999.0 -9999.0 -9999.0 -9999.0 -9999.0 -9999.0 -9999.0 -9999.0 -9999.0 -9999.0 -9999.0 -9999.0 -9999.0 -9999.0 -9999.0 -9999.0 -9999.0 6.7444527969635235 6.636642468683286 -9999.0 -9999.0 -9999.0 -9999.0 -9999.0 -9999.0 -9999.0 -9999.0 -9999.0 -9999.0
-9999.0 -9999.0 -9999.0 -9999.0 -9999.0 -9999.0 -9999.0 -9999.0 -9999.0 -9999.0 -9999.0 -9999.0 -9999.0 -9999.0 17.778442913699852 18.018303484467516 18.7959366142533 12.810539492484752 -9999.0 -9999.0 -9999.0 -9999.0 -9999.0 -9999.0 -9999.0 -9999.0 -9999.0 -9999.0 -9999.0 -9999.0 -9999.0 -9999.0 -9999.0 -9999.0 -9999.0 -9999.0 -9999.0 -9999.0 -9999.0 -9999.0 -9999.0 11.826599444094384 -9999.0 -9999.0 -9999.0 -9999.0 -9999.0 -9999.0 -9999.0 -9999.0 -9999.0 -9999.0
-9999.0 -9999.0 -9999.0 -9999.0 -9999.0 -9999.0 -9999.0 -9999.0 -9999.0 -9999.0 -9999.0 -9999.0 -9999.0 -9999.0 -9999.0 17.10448604309228 17.029475552570005 -9999.0 -9999.0 -9999.0 -9999.0 -9999.0 -9999.0 -9999.0 -9999.0 -9999.0 -9999.0 -9999.0 -9999.0 -9999.0 -9999.0 -9999.0 -9999.0 -9999.0 -9999.0 -9999.0 -9999.0 -9999.0 -9999.0 -9999.0 -9999.0 -9999.0 -9999.0 -9999.0 -9999.0 -9999.0 -9999.0 -9999.0 -9999.0 -9999.0 -9999.0 -9999.0
-9999.0 -9999.0 -9999.0 -9999.0 -9999.0 -9999.0 -9999.0 -9999.0 -9999.0 -9999.0 -9999.0 -9999.0 -9999.0 -9999.0 -9999.0 15.825692089271737 -9999.0 -9999.0 -9999.0 -9999.0 -9999.0 -9999.0 -9999.0 -9999.0 -9999.0 -9999.0 -9999.0 -9999.0 -9999.0 -9999.0 -9999.0 -9999.0 -9999.0 -9999.0 -9999.0 -9999.0 -9999.0 -9999.0 -9999.0 -9999.0 -9999.0 -9999.0 -9999.0 -9999.0 -9999.0 -9999.0 -9999.0 -9999.0 -9999.0 -9999.0 -9999.0 -9999.0
