result/slope_output.asc
nrows         236
ncols         218
xllcorner     466515.47101027
yllcorner     2626221.2241437
cellsize      90.0
NODATA_value  -9999.0
[rows 138 to 160 of 236, columns 52 to 103 of 218]
2.3912341090279297 13.085403969626224 14.192101292896325 11.881573187816862 8.305674467749256 8.721625081863468 8.550917594785169 3.577215019127331 11.953266849722242 12.207567919707348 6.25509971741467 0.9072469422956451 3.598285147318022 10.896163213861847 13.395626214314024 11.145483216903356 9.015509788449524 1.8313870214961825 4.5271689253897405 6.9262490820727045 8.056359672969407 8.780540794818418 7.857815874411431 7.3906069828893255 6.477206499008209 12.265003153107942 14.927160013146619 12.42404345460773 9.39236065800289 15.03392802980382 29.87143249335672 31.30067517280207 12.620376408455764 9.791670003510252 14.047888404129463 15.284378931804033 13.210137107274829 10.854553350655468 9.577706463587903 5.031260613033999 5.1238227701124455 14.559506784736588 20.916321997473595 19.53361037793315 17.23770171479713 18.418825312338534 20.809718579598222 23.842636023792362 22.98998854172037 17.569989862846665 14.480722207810775 11.871004010907205
3.529342531226718 15.592634873783531 14.12909024076297 10.459172541899747 7.6804673061431235 8.001814054402857 3.027399326600163 8.654480603253536 10.262623692879309 8.153724997926536 7.196036043967266 4.121711600489334 2.294138440214794 8.922587774877696 11.956763999537147 12.795277750245651 10.384190628042186 2.476882170491 1.922354839104649 3.6967114335919513 7.62795939828378 8.658028307909973 4.7583701426528995 8.543726239832898 15.308441867088991 16.91518548883579 17.62982041560578 19.611985381518586 20.586762944785637 20.096127795553826 33.736943398553905 29.496800550043428 2.3859440303888126 7.75972553723922 8.160524935820368 11.039078394178759 13.789480409317324 16.451257187939216 19.868746201333295 19.563463986717068 16.968639812219894 17.48502740296704 18.382630628925934 14.275611367004492 13.220396501236875 17.141510902972392 20.56818489005481 22.916523285486484 19.671317559652103 11.28972058026991 4.935656659757537 1.479897347325948
7.4672858256520005 15.33433416511632 12.962034719798135 10.19380983414794 6.9262490820727045 3.4389123953782974 2.917005267936823 8.532206710192806 5.773704401430662 10.948619934668736 13.125483992747862 7.572619707513907 4.050907486025257 6.972710160571506 12.240703162755706 13.36572361011682 9.895554219938452 2.172457838188383 0.0 1.061574401347662 5.848941971373918 9.74803216349119 11.919234838081115 15.81630484821701 18.08941320658893 18.668195155347817 21.647484446149246 24.13762293103606 20.923385591801317 19.460101422831514 29.11060560500449 18.730306928580468 13.22440856665273 17.42745513016094 20.00955705287959 23.575747160556343 25.24899042153223 24.582060908523783 23.498328442366983 20.933722804314836 16.846149185441273 16.275213198125762 16.32430883909104 14.170722439480508 15.05003819302194 17.93262087463793 18.686387594804014 18.491238668119102 11.08264483156831 0.7205666619292026 5.72043313097531 6.7444527969635235
9.385203546072047 16.727943344833854 15.825331166041659 10.134679435510549 5.5077351395759875 3.6244487599228044 5.7672085380367415 9.828907584094038 7.224411872841822 7.692531179428987 13.103885195866743 10.606264134208077 8.988286080318485 5.608990105730803 11.278533674771449 12.301351974536892 9.246105949058595 3.372286683433898 0.0 2.0123406329193885 7.757336250317931 11.424595871401207 11.285460346755748 13.184672265719993 18.186914132619336 21.598327607176536 24.59164822446314 24.21814273867685 16.99776892169375 15.874325631883014 19.403541605578727 7.233844696725224 16.184555998670856 16.444025491729608 18.66995671725687 23.20922712369538 24.568869021127227 22.09703765662765 20.515422693086332 20.638506229262664 18.662909178039648 17.415591202297268 16.699920206507596 15.58491644368336 15.348571388246876 15.825692089271737 16.49113361587779 14.586187563509206 3.342244943413361 10.354383467316916 14.213032559436332 13.657503555396229
15.789188455800653 19.042940264354392 16.990823291986167 10.177123885925095 7.908723970205118 6.824152069753411 6.173847782643146 9.35390379159242 8.626043214194901 7.946097649177653 12.119857681167526 13.775880761796024 13.960275815314292 10.796003877845099 11.371914526441127 13.084501683825462 8.339700303168287 2.8821812090202448 0.0 3.6244487599228035 11.09187843368195 14.75881794627737 14.449388769268015 16.013107309905102 20.957396309635797 22.04577166510253 20.255924234791646 17.700400613172842 12.04828213833979 11.876541556036635 5.720433130975309 8.280429976643655 16.630456656849567 15.116181592982771 16.416440373585463 20.57334775135241 20.066258792736026 18.357449771330376 19.643878533933854 21.660230013620925 20.60351521731745 15.932806792273297 15.174392590231534 16.29856487504678 17.178109980997966 17.035742128041974 17.612435840402316 10.007996614960929 8.052531163648451 21.25173980733759 21.320702534854135 18.66995671725687
17.966894627374316 17.979533293086245 11.893639407819775 2.9321098503806287 1.9934010324810942 3.372286683433898 3.321432185946139 5.675464647712456 7.068192006764542 7.653048720543413 9.689099381495948 10.354383467316916 10.697640612214322 8.40072631085801 7.510264129995058 10.947518427152847 6.190991861540197 1.012750369636371 1.8000401824893766 8.593931794294276 17.449552706826147 19.724677871676224 18.761846359296758 20.667005241875408 21.466471431056068 18.47845138976497 16.12471306889004 16.249024609310403 12.913135013790924 3.1559398576097375 10.841201180476272 17.903840791830657 19.30270023544207 18.872854054252063 18.9037959881319 19.052379100277854 15.874325631883014 12.702336772017675 13.774179712888714 16.104940777644124 17.841437142412016 15.451879161714984 17.196373086652326 20.632080124247025 23.027033828172424 21.64940897955601 17.469698102443115 5.320500137555949 18.48261594133244 26.05513738360708 19.764504326438843 21.35997110477816
4.605548425772855 5.149435764747119 4.520227592644634 8.30048370216806 8.58319966978591 6.61410946443273 1.7136400476069502 0.8788929603078494 1.4098317847360127 1.2580280993012338 2.890926820060276 4.701320811403659 7.497892983478755 2.8821812090202448 5.952633213559396 8.493206060136748 5.573204412909621 0.0 4.019728821855589 11.424595871401207 17.284413215555702 16.734350133355754 15.182740937062892 17.491409627891514 17.256859573003382 14.50837402659199 11.652748258216555 14.238430026638401 13.487927658460874 7.988695658452451 18.662909178039644 19.14444418002251 15.348571388246876 16.42196194243859 15.906289346630492 13.842032950913454 11.424595871401207 8.451104101116064 7.68851209318519 8.686354581236653 14.228605031275498 15.969270402239996 18.95685081991284 21.660951146404365 19.803137380824943 10.805506916714313 0.31830661145136596 12.688796216696051 25.5133092609215 27.161335962032414 17.16831619912796 21.787349372619325
15.657142759413125 15.750041710508434 14.783509141088159 9.870926939134984 7.852312777626966 6.908292952821979 3.6400557040566377 3.894101026643393 3.931095784160226 1.9124616044886842 3.0584980605509657 7.0153134365476895 6.725068214101029 2.5963983197182805 8.406583585732115 7.28932430036874 3.681347290938028 0.562679607798284 6.466625310264721 12.608147951441728 14.860794474616224 15.683440289791532 16.555852235764046 18.331022151364333 16.874539775268595 12.846991537560797 9.916435463499214 9.870926939134984 7.797849664425502 13.652778157026873 16.044381090576074 16.675225304230818 11.686109254017941 13.295059851281694 13.724316063933971 12.00112843533742 10.706110526783702 7.68851209318519 7.951532546189658 6.944156966499194 10.500769315512516 14.091457175870561 16.6806417444518 17.03706104184104 7.178781665548052 8.386797940334572 17.4043592245004 24.13289802242345 29.873168749714885 28.01057740512728 19.899822790396215 21.33740395022253
13.786081953453003 9.040613885447794 5.4712704335233875 7.63444233229053 7.203786462168237 4.380487094158032 6.184946605727136 7.439876455035259 5.9599687402949195 3.55424661965986 3.0273993266001633 6.550779926398934 8.130257086576343 8.204955143083769 7.469772372961139 3.1976297288329993 0.22507792123580433 3.147935817720939 9.391059799976668 13.298160402317581 12.817469825983732 14.493553946086454 18.59903071844839 20.633108484400182 17.007354711881806 7.692531179428987 6.239136459390014 11.862944248500254 15.735876477883577 17.969669937439306 15.940322275462025 13.88972299368814 12.013060509108213 11.957762975178856 10.796003877845099 8.21920924889906 7.46479841230125 5.159158929886789 7.324093674226558 8.735690934280582 7.28932430036874 10.942560135765385 13.561768399617895 7.279115109800776 8.82653853340299 19.688578070646944 24.49350828899516 27.643761958468684 27.086476022121023 23.116421919208367 18.775258951876264 19.00254164846292
8.29751601017841 8.485238201927281 9.203671701114665 6.389126047175481 4.689290818129496 6.02557500836668 9.689099381495948 8.11127921056294 9.772993801059815 3.0584980605509657 1.5751566030890896 4.33868704673532 6.721369339369456 6.856849932584161 4.475543892331244 1.3502244696996157 2.6469814019107907 8.50839548312883 11.989183072665183 10.561111083596916 10.31037902490839 14.631056790588685 19.47122063449069 19.37783680169425 13.492284115412625 11.74945955906057 16.81300764331472 18.6508616564494 19.16602243905425 17.973061242734733 14.039571739570714 9.96965170258583 9.28306569679184 8.737096196328132 9.340829043269077 10.054647759556305 10.384774151355828 8.220708163985217 10.012854441665617 11.81648152873451 11.117362676797772 10.651775723270113 5.369684458177285 8.276710691694655 20.082267464592025 24.218347108748215 27.061275110183665 25.01241973832137 20.17557651869588 20.236141563822297 21.762534306404973 21.668400881177202
8.889544572555653 10.796003877845099 10.14306401361159 10.071553808788389 11.481191155656763 11.361874498759423 9.13225580944061 12.050758191033623 13.36572361011682 1.006480703213333 0.0 0.0 0.0 0.0 0.0 0.0 5.178549306892247 12.184606452381798 11.070138810942703 7.725405004429306 10.179509410151503 16.82473358296263 16.85049511318958 13.161392003186132 18.758345374947982 21.969379091758015 21.135527342306382 19.716481089579776 17.42489081570504 11.85689541343614 8.795204190171424 12.395297925884663 15.474147445111813 13.678530157639367 12.129201473295012 13.78438236174404 16.419546536130245 15.836875775683817 16.122596020924263 15.42063875689952 11.374555009215392 4.170248052407578 8.052531163648451 19.104611114158082 23.78394558534234 25.816033842711853 27.170882540814237 20.8262264068675 17.469698102443115 23.107001815985615 26.063162918265547 22.457423157990576
19.49593081563573 18.54079312522761 13.692241686120408 7.210668433030249 6.890288201248291 6.840521284784603 3.777586629162851 13.540966232990577 14.556317174236224 1.9646482053953271 0.562679607798284 2.9769606079131954 5.7324362406974885 7.370466692723384 7.370466692723384 6.968256741378543 9.707321893948901 13.381563959602552 9.139625139319914 6.725068214101029 10.973371737623554 14.54315133242233 9.707949599266234 15.84516718027127 22.098206143203818 22.636129876883253 19.094350732374316 14.114216415139452 7.941436052585491 5.483833197156382 6.614109464432731 17.600412027359116 19.868475685293088 21.2554421117099 22.196976222771326 21.449909754570555 19.880373740602344 16.48014504956956 14.259281880133404 10.143662624445785 0.3558766951520821 9.877089977886449 17.390226107566324 21.243097617776947 22.648091914624082 24.26609825444061 24.792266960650778 17.862579793611964 17.479919513585678 24.481650963899803 25.125825649186165 19.011146491196744
10.788730657847823 13.655785447175504 13.433772502692543 7.296971413230473 6.897495960922657 6.381322609062508 7.249252620737 9.542609193561164 13.42150913297746 5.254188217873934 1.5303392117811871 6.334293386248698 8.88885478141281 10.885638555830749 12.380896947621544 13.607576711661176 14.969281286368204 11.46393100068032 5.502053850855621 4.7213014607488715 9.348676243847937 12.287311436907983 12.39241923884857 17.130708642649875 15.466357920760798 11.768288932020647 8.864676086132915 10.410413925988191 9.470706116356494 1.7573725035758407 13.870754166237253 17.35805169653535 14.057030121059627 16.253917058152773 17.8802778791104 17.603260708407866 16.175772484300857 13.28486648490219 9.545805586826903 2.149056510028617 11.190206572208366 19.010859745046368 20.064389997069007 19.871451091232508 20.96041581342429 23.91673830963428 23.74336505026153 18.163209904511092 20.13896026236207 24.611404055746 23.32225830366902 18.329819733358644
13.026153502323611 16.448158367124172 16.193684692611775 10.025594115844301 8.429969635074867 8.186912525300528 9.391059799976668 6.12415559711596 7.789130182236774 9.48616320268036 2.2099545482375818 7.970136888531037 8.099108773027721 7.054131382118999 8.032591938680383 7.913405829230431 4.340135233035292 1.6913487961324822 4.924209734484846 8.55738433799457 12.21537353205648 12.967961502998826 10.454539538813004 9.045354948003013 3.7204837045604116 12.237296835830055 15.81630484821701 9.71171491326525 5.269658122688171 13.990386294030765 18.677587666736933 15.628960000830086 11.285460346755746 13.298160402317578 12.115921035364966 11.421968192890045 9.59170671569528 4.901234093241114 0.11253939479319922 6.61410946443273 17.632347280099832 20.907235415482422 20.087866452477293 22.10801796904294 24.80567144583895 26.697847712112182 21.679208623920182 16.686394336481253 18.050837579089706 19.47622154296677 19.767228257433615 -9999.0
11.85739961456309 15.761290292647045 15.335458731342277 8.057125144942088 2.469219338234242 3.9198739314459874 8.171844906855894 6.280950726696118 2.9514156544795354 9.21761847500257 1.4098317847360127 7.8829214962887475 9.816511992644951 6.926249082072704 1.4670154085463278 4.959733914994935 8.988286080318487 10.706674927065688 10.15742011368184 9.077793916813004 10.759583898850556 11.68815877887951 9.411201431161064 3.2736339552824276 13.946869128819971 16.371492998198725 7.5464304468209855 9.28306569679184 18.69811248922795 18.472202294095133 16.74951203628766 15.459306198179622 10.280928906655951 11.404082194871124 11.22884363554877 4.874289611720704 1.6226343758604127 5.1628002936338095 8.753239480722053 11.860424318980273 20.868809926982188 23.30538739099751 23.18111549715384 24.00417431565518 24.789111345305994 21.854911724454464 13.211475806283694 13.929250103731857 -9999.0 -9999.0 -9999.0 -9999.0
10.466117855364173 12.993457056033836 13.62826169909914 7.378026031139762 5.794225287393311 5.719340656656436 7.731802320387957 2.3187952504963705 5.316969156636038 7.7190021275463145 3.491649964108229 6.9700384640608055 11.276934544428043 8.24390457040563 12.27810267085879 13.156012943562748 11.08264483156831 9.73239608576657 9.083188390281313 6.190991861540197 7.549709304790647 5.0012713260224055 4.670514800412446 11.899165192580318 12.58223574589037 7.418206625114528 11.955265361087635 16.952725002004268 15.812331294548938 11.804327262401463 12.103609763909073 14.970052840400422 12.531177226288307 12.021504376221529 9.526609937614245 0.8192443792205908 8.31752622393059 14.69391815837597 12.718657064333522 11.81648152873451 21.746526576638164 24.626752966705265 23.43062529508595 19.797973990584556 16.29856487504678 11.17406428346697 7.31647614440491 -9999.0 -9999.0 -9999.0 -9999.0 -9999.0
7.362899248354066 10.466117855364173 13.901089878811543 13.300374574266828 11.276401445303803 9.150332844893908 7.6530487205434135 7.788336993927328 5.658921118768502 3.924687275136719 1.5751566030890896 4.620518647760714 9.371523692865193 11.39934246402232 11.516146288409331 8.256595977832186 6.557426069430245 3.372286683433898 4.770222782409846 9.018906590242214 9.067670044365748 9.056857931856172 12.338544811627347 9.807204202833816 4.210759447109684 12.086350364187942 14.45381241779684 13.038843542051076 11.329574183724189 8.643117561922194 9.439710414747797 13.078183693048599 8.702597867460264 7.96084043389305 2.9191678837276087 7.393958126885864 16.31318241032575 16.834107058481447 13.056495510426709 15.128378509366811 21.526964777996195 22.218093171903703 20.683668991150785 14.650463060330116 8.071654587187593 6.876752499271935 7.4581610694530935 -9999.0 -9999.0 -9999.0 -9999.0 -9999.0
9.707321893948901 12.283919636915396 13.400895190232433 11.788607319998338 9.590434873714988 10.873993030351267 9.150332844893907 9.416391770709883 5.44720455414326 1.1747826303849018 1.7573725035758407 1.817522018719848 2.736123386946286 3.0687937453213516 2.1224204562433906 2.2185172846602343 2.3726669931697586 4.426146099405743 10.555380466061173 7.659509406945086 4.000903452752258 9.923180994191892 10.112483901198077 4.05246003891512 10.712881182554524 11.666105390614867 11.32904382173426 11.645034469535778 12.194383223416786 11.136839077500778 11.297703733538322 11.009016379683201 4.5271689253897405 5.4712704335233875 13.449957956480986 19.879562811715132 20.7511617746466 15.703128610102727 14.599307753565265 19.78056829771728 19.939991016869012 15.81919394750014 18.004776764339766 13.53836337242736 6.63289247430463 6.576376741953318 8.668662175662686 -9999.0 -9999.0 -9999.0 -9999.0 -9999.0
5.832903583368336 6.412477489586203 7.977101750643222 10.466117855364173 12.249457401372288 11.195581630215502 8.692008076032712 8.614640366537119 5.7672085380367415 9.555387871663633 12.923663940066005 13.28841302031748 10.583999681039284 7.2072283038855955 2.5273710995732226 1.7573725035758407 0.6845187244284203 7.203786462168237 10.530700016499571 3.016961309815993 8.096063151328009 14.338682770699918 13.96111323664312 9.13426625666227 12.31150801626952 11.323738691099807 12.289733506597601 13.157357944204922 12.746579597303784 10.363744778052919 7.27570872482044 1.3170095360042926 8.566716054821791 18.245397663745884 24.398606055658373 25.937218580253923 23.50153503979142 20.923637802436197 20.43358766375643 20.063856012527697 13.35118433215344 6.840521284784603 14.583402706492349 13.589015559070633 6.497357464371492 2.8668117574401006 8.45619714858644 -9999.0 -9999.0 -9999.0 -9999.0 -9999.0
6.239136459390014 5.020036055346784 9.39236065800289 14.068240050317664 13.385081114123697 10.881203778000152 10.962378518439916 14.796423193420347 13.879610027847598 15.484155639733078 13.049709515891204 11.653262308925731 10.035288783859773 10.219970876319401 4.766275238009529 0.0 2.1840641217595027 7.370466692723384 7.4573309673218064 8.08005379257598 7.864885341082543 13.0411081384116 11.18698016981505 8.82653853340299 13.582533855669631 12.916798356931679 11.81192531316222 9.776732119945162 7.050611666212921 3.7204837045604116 4.221198029197471 11.994659682683803 16.887879599749695 21.710867800293524 24.848373228974314 24.152610158001096 24.095872268055697 24.423039983333993 22.703270049114504 17.538229385288666 10.682942019784555 5.658921118768502 11.666105390614867 13.156461294578705 6.770209374309175 3.6693524335796135 7.607662926981949 -9999.0 -9999.0 -9999.0 -9999.0 -9999.0
6.395945985779182 8.314564958241622 12.301351974536892 17.79811994601171 18.674359680851357 13.648910516902102 11.784546765767583 14.96233517538109 14.479117301341587 8.093778142607261 1.5911402711945875 3.7238672163946718 9.723001429232351 11.704540602425618 4.084925523262411 0.9002422270246385 1.9124616044886842 5.082074549758685 8.444551119572319 8.864676086132915 3.735685102633891 12.6236663950961 5.851077009070334 8.795204190171425 12.596848222027374 9.369567680021934 5.082074549758685 2.77734422325665 1.012750369636371 0.25164444244663786 9.434533837891289 14.256013358382909 11.812937974870499 17.562691357484653 20.80997268205903 17.282146168021733 15.741326465169939 13.857246897514527 11.246503337377982 8.596791294711547 8.2819171967092 5.541697540188128 8.305674467749256 9.719240826417748 6.054498479394494 5.0112881045129205 -9999.0 -9999.0 -9999.0 -9999.0 -9999.0 -9999.0
9.719240826417748 11.348119585994187 10.291541503588624 13.333978086216412 17.091355942450807 11.220806354318315 7.757336250317931 8.168827865431574 8.162790254432128 6.190991861540197 5.3216765985636085 4.492353222313803 10.176527410054078 9.73239608576657 2.4148953949101633 2.0123406329193885 0.9072469422956451 1.7788346065758678 3.843668167321381 3.3685462522404546 7.721403858927273 10.960178420376359 3.353542422716398 7.0002556142103955 9.427411064372354 5.542825947161212 0.0 0.0 0.562679607798284 4.170248052407578 12.978895156750541 14.019588317380114 10.849548398995696 18.796227638002073 21.618587621587913 17.544905091294464 14.688395928661553 10.14426119696945 7.946097649177653 9.153676258022433 9.737402575176041 5.479268333625944 5.042459670765817 6.587720057415372 6.218120511097264 9.769877356913899 -9999.0 -9999.0 -9999.0 -9999.0 -9999.0 -9999.0
8.38092603868812 8.31530537912734 10.966777259460882 14.066579976357863 17.51181309647743 13.270225541629374 8.998505263755032 8.234933497361107 10.606264134208075 10.93594523867187 7.1865514787415155 5.353341063346965 10.292719946820231 7.342679576710695 1.2580280993012338 4.493751115158087 3.1237996549342455 3.8206711757963414 0.0 0.0 7.010888157115631 10.030442717931757 9.102042168219512 9.075095396305112 7.848379512543344 3.413158398444711 0.0 1.237742357316355 6.4231509137348155 14.901974601341545 19.346763434104574 16.74951203628766 16.140580152661165 23.225548177104333 25.872403716706852 24.22549842105252 20.24010018478859 14.468278713984299 11.006278990186313 10.880649291285433 11.981212095058318 8.406583585732115 2.8668117574401006 5.802843357897616 10.255528271059282 -9999.0 -9999.0 -9999.0 -9999.0 -9999.0 -9999.0 -9999.0
