result/slope_output.asc
nrows         236
ncols         218
xllcorner     466515.47101027
yllcorner     2626221.2241437
cellsize      90.0
NODATA_value  -9999.0
[rows 92 to 114 of 236, columns 104 to 155 of 218]
11.773880384269722 13.112889633993696 12.245081161297874 9.042646094181979 1.9646482053953271 10.264396715656257 14.19579766438799 3.3384705437643523 12.830395072021465 16.15642826073279 15.776152576506538 14.577433047135065 14.69391815837597 18.079932113065748 14.057030121059622 5.719340656656436 6.576376741953318 12.808228434775954 16.158539911157366 18.35174794439602 13.706365101343449 13.47964592596879 16.444369946673778 10.290952226961252 8.240915358123523 13.254232463606966 8.739203639219468 5.479268333625944 1.8723644369780246 1.6913487961324822 2.514844380917382 10.697640612214322 -9999.0 -9999.0 -9999.0 -9999.0 -9999.0 -9999.0 -9999.0 -9999.0 -9999.0 -9999.0 -9999.0 -9999.0 -9999.0 -9999.0 -9999.0 -9999.0 -9999.0 -9999.0 -9999.0 -9999.0
14.965808709069371 15.357929371373102 12.038867936869755 4.737224206416462 7.831837141043874 11.558248941385806 6.271021046389359 9.702926731742243 17.760929039016467 16.455387835506034 16.105647439701475 14.122895032538588 17.93200256558677 19.211629350948144 14.36463063616984 9.285699653297875 13.620078225813376 15.196769009398174 14.733291651866212 19.49482113438321 13.16632060042364 7.120662007502331 13.458697532160969 13.031593816748078 4.44314535201276 12.987998524203391 11.038532615965035 9.866610338053574 9.391059799976668 6.477206499008209 6.464699533448297 9.931146600540696 -9999.0 -9999.0 -9999.0 -9999.0 -9999.0 -9999.0 -9999.0 -9999.0 -9999.0 -9999.0 -9999.0 -9999.0 -9999.0 -9999.0 -9999.0 -9999.0 -9999.0 -9999.0 -9999.0 -9999.0
16.03017492461832 13.482697771641075 7.517676596248486 9.937881338444566 6.635705175904018 10.48865550335182 14.664306153484986 19.540526308344187 19.33414737186802 12.807766166398215 9.28306569679184 14.812058746008404 17.183330483447964 18.27560580814835 15.822443421774969 10.583999681039284 15.438499696889185 15.830743969642935 12.194383223416786 13.690528612758222 12.05273862304095 5.139693807411478 10.614813802471293 16.561316793669892 6.465662496001015 9.244121498744208 12.111490593890792 11.38880190973779 7.746973739247728 9.50416235572525 12.979350497927722 8.427050134010498 -9999.0 -9999.0 -9999.0 -9999.0 -9999.0 -9999.0 -9999.0 -9999.0 -9999.0 -9999.0 -9999.0 -9999.0 -9999.0 -9999.0 -9999.0 -9999.0 -9999.0 -9999.0 -9999.0 -9999.0
15.587857340101934 11.715277320260395 11.771847471326344 15.890137650133886 15.067276363582497 14.935286079601232 17.74934536908277 21.07171924200609 17.902911423341596 8.18615983912048 12.909470487562636 14.455420623324965 12.784165305343299 14.516377479423339 11.648634944412734 5.633457546086345 13.766947540894673 13.709358815522744 10.549072861458674 9.916435463499214 13.57475110084627 11.023785365182015 11.470733892480121 15.524110996754256 9.437769555474032 2.8668117574401015 5.9599687402949195 9.018227339061175 14.951908829200768 21.364872623117574 19.084939039219233 12.454622919065063 -9999.0 -9999.0 -9999.0 -9999.0 -9999.0 -9999.0 -9999.0 -9999.0 -9999.0 -9999.0 -9999.0 -9999.0 -9999.0 -9999.0 -9999.0 -9999.0 -9999.0 -9999.0 -9999.0 -9999.0
15.388949043456645 14.392544300756835 14.922514190806003 17.028155908079366 14.197029538545527 12.672432329880246 16.86619574581748 17.813405273684364 10.24546728411255 11.009016379683205 16.30726771871584 15.186154592998964 15.474147445111814 13.400895190232433 4.605548425772855 14.440536700589043 17.31029595136218 13.915808695897173 10.295076393367887 10.112483901198077 14.093113837391044 15.332459668819096 14.888780577658911 13.760562559291607 6.87584913505895 2.4563945664087456 11.156278009591684 19.052379100277854 23.380734825673894 24.031490789112425 16.077351471644434 12.013557391050247 -9999.0 -9999.0 -9999.0 -9999.0 -9999.0 -9999.0 -9999.0 -9999.0 -9999.0 -9999.0 -9999.0 -9999.0 -9999.0 -9999.0 -9999.0 -9999.0 -9999.0 -9999.0 -9999.0 -9999.0
15.814137604947428 11.036349206121876 9.13158555527706 12.91130289862628 13.961531925423019 15.90736542009346 17.981998056475522 12.20951984825447 8.204955143083769 15.450764736929031 16.490103819676406 16.068850859849952 16.01879896918109 5.989218403964243 12.017034920835407 19.276818133785678 17.46202710906695 12.971607220925502 11.18698016981505 10.34794222020179 12.638224684699054 17.42232602743158 11.329043821734258 6.310643010985851 0.6752059787394532 7.988695658452451 17.51340585846943 24.43816635487778 25.064471895655565 20.56818489005481 10.405757265555122 12.280042003859649 -9999.0 -9999.0 -9999.0 -9999.0 -9999.0 -9999.0 -9999.0 -9999.0 -9999.0 -9999.0 -9999.0 -9999.0 -9999.0 -9999.0 -9999.0 -9999.0 -9999.0 -9999.0 -9999.0 -9999.0
18.853735407144793 13.617061831342701 5.569837415943238 11.177833117398594 16.668112932325094 16.424031944119967 11.81192531316222 4.170248052407578 11.407767144834253 14.788206702620062 15.961771446445061 17.57189319277206 16.88221177027172 4.1201854944353675 14.162489773989133 13.356473444382763 7.439876455035259 10.12928537503251 14.12124244187556 11.875031602346485 10.822254674765075 15.518199478482432 6.767454604674536 0.22507792123580433 3.7558568455155075 9.921341795603245 17.99000556983078 21.906100708593286 18.29882253759558 11.047806810769549 0.6561839510398852 -9999.0 -9999.0 -9999.0 -9999.0 -9999.0 -9999.0 -9999.0 -9999.0 -9999.0 -9999.0 -9999.0 -9999.0 -9999.0 -9999.0 -9999.0 -9999.0 -9999.0 -9999.0 -9999.0 -9999.0 -9999.0
15.850932019432696 17.758112269626594 16.95007073004925 9.590434873714988 8.11127921056294 9.298200036904948 5.893610809758882 9.71171491326525 13.46786706690054 14.535564636738622 15.842283808879314 14.774500546619203 12.784628542828024 19.372242848129833 19.540526308344184 9.166369342231476 9.482945207228365 12.679448354196243 15.070721184456502 16.01203985023399 15.438499696889185 9.25932398704079 5.345150187552208 12.322137577463495 13.836957326090232 17.416232755050157 18.596670327742967 17.596929516517847 16.392948271244578 11.325330518811919 -9999.0 -9999.0 -9999.0 -9999.0 -9999.0 -9999.0 -9999.0 -9999.0 -9999.0 -9999.0 -9999.0 -9999.0 -9999.0 -9999.0 -9999.0 -9999.0 -9999.0 -9999.0 -9999.0 -9999.0 -9999.0 -9999.0
7.092728297495816 10.159810657846897 17.27372244678808 18.06003178374306 6.8359783623007235 5.377837093815921 12.923663940066005 17.04002813368472 18.329819733358644 16.6477712239158 11.114654646607987 7.386415819366668 19.03349530941645 28.534803226573263 26.714678489417928 20.230597739272127 13.91959061491351 15.15843961682635 15.900548798072778 11.247038001957078 9.73239608576657 5.140912583427141 12.77489655104575 14.71991861035704 17.39633081146311 22.324633345899613 20.081467438003283 15.819916122642097 16.305875645325504 14.988941191878524 -9999.0 -9999.0 -9999.0 -9999.0 -9999.0 -9999.0 -9999.0 -9999.0 -9999.0 -9999.0 -9999.0 -9999.0 -9999.0 -9999.0 -9999.0 -9999.0 -9999.0 -9999.0 -9999.0 -9999.0 -9999.0 -9999.0
15.830743969642935 14.932191053523658 20.458314865874776 19.535823828332262 6.068906985324923 7.326631013767886 17.764370989529574 20.566377471903856 16.505885359456595 5.416101766672513 9.662642525718683 20.32771387732396 23.470082455442736 19.86306433120243 15.441474112617161 16.74311241233548 16.50759962781249 16.887879599749695 14.970052840400426 2.8799906285217305 10.035288783859773 8.29380481769877 10.384190628042186 9.545805586826903 10.853997369932124 16.699582224470706 12.644324127222989 15.038149340976599 21.075964768049204 -9999.0 -9999.0 -9999.0 -9999.0 -9999.0 -9999.0 -9999.0 -9999.0 -9999.0 -9999.0 -9999.0 -9999.0 -9999.0 -9999.0 -9999.0 -9999.0 -9999.0 -9999.0 -9999.0 -9999.0 -9999.0 -9999.0 -9999.0
15.90915867990915 19.787913812706318 20.186438039091524 12.180693277034566 0.5626796077982841 9.991582577258526 18.894549239847283 18.99823731853518 14.484733560322972 2.8447103878693705 18.65673975408979 18.635273092756876 18.13702855438349 12.338062596464253 10.737104330628004 13.488363377027733 17.205169867112016 17.875622644135603 12.09769536444885 7.585678847479225 12.37272800911801 4.206277724221964 3.947070963959599 11.81648152873451 17.846725783846786 15.566152517555356 10.34794222020179 14.556317174236224 18.018610759636417 -9999.0 -9999.0 -9999.0 -9999.0 -9999.0 -9999.0 -9999.0 -9999.0 -9999.0 -9999.0 -9999.0 -9999.0 -9999.0 -9999.0 -9999.0 -9999.0 -9999.0 -9999.0 -9999.0 -9999.0 -9999.0 -9999.0 -9999.0
14.382437988529967 13.106136967915635 9.984278076128213 3.372286683433898 1.7788346065758678 9.707321893948901 16.951729710470932 19.155805130296844 16.94110875141236 4.027546415802711 19.926793281440663 16.354512021739733 7.804184683040923 6.36862095073562 9.38780680921162 11.156817446975522 12.523592988487046 8.789621201776754 4.780733336802811 13.449520806247973 13.892671000102393 7.068192006764542 9.136946117762886 7.152818763159327 16.44712526769638 16.6477712239158 15.365410847415745 19.19861330867736 19.046373275813313 -9999.0 -9999.0 -9999.0 -9999.0 -9999.0 -9999.0 -9999.0 -9999.0 -9999.0 -9999.0 -9999.0 -9999.0 -9999.0 -9999.0 -9999.0 -9999.0 -9999.0 -9999.0 -9999.0 -9999.0 -9999.0 -9999.0 -9999.0
11.607928941565701 2.8821812090202448 1.5671035112129106 2.101469263114345 0.45014889590805335 7.092728297495816 14.112976104839673 21.55966334046464 22.917632231492465 10.315082561193282 15.80763371966518 16.188418904443548 11.86495976203242 8.270011527150624 8.603221485370259 5.78991130988102 0.8570116790376451 9.40276057441437 13.551371915807838 10.804948168004897 13.236436409545988 8.338962171095554 8.95344782609297 7.879004283247264 9.259984358881445 12.601086963960558 13.300374574266828 18.122699715761893 20.244849151885532 -9999.0 -9999.0 -9999.0 -9999.0 -9999.0 -9999.0 -9999.0 -9999.0 -9999.0 -9999.0 -9999.0 -9999.0 -9999.0 -9999.0 -9999.0 -9999.0 -9999.0 -9999.0 -9999.0 -9999.0 -9999.0 -9999.0 -9999.0
2.6350263783644494 11.00846896167206 14.978151310164378 13.811546774043716 7.829470948498246 1.9678637764222802 5.672159903086445 17.282146168021733 26.42902892500919 20.736870202634496 19.52004574364394 20.664953051436864 18.576591357356477 10.21700169300385 5.7672085380367415 7.914185856007194 12.137063673133055 17.08084281043606 15.84264426502329 9.970261598239336 7.510264129995058 13.476157128526783 3.9851468248914306 6.500230899071767 7.659509406945086 10.759583898850556 9.285699653297875 15.315952268290546 20.358114406694266 -9999.0 -9999.0 -9999.0 -9999.0 -9999.0 -9999.0 -9999.0 -9999.0 -9999.0 -9999.0 -9999.0 -9999.0 -9999.0 -9999.0 -9999.0 -9999.0 -9999.0 -9999.0 -9999.0 -9999.0 -9999.0 -9999.0 -9999.0
5.2933677037992 16.12824073031243 13.106136967915635 15.48044980630115 9.921341795603245 5.369684458177285 3.843668167321381 5.858543342684028 17.556341724365204 14.710076334813873 13.826376171761842 18.09674905586663 13.695238968698312 5.128711509483251 9.482945207228365 13.395626214314024 12.413033204669263 11.655318259649551 6.505017039080036 7.537405890273244 3.5489248914571427 13.06960369948932 7.89544285442803 4.935656659757537 8.936317371488409 10.651775723270113 8.618205475781012 14.905464820798558 20.082267464592025 18.648509746007168 -9999.0 -9999.0 -9999.0 -9999.0 -9999.0 -9999.0 -9999.0 -9999.0 -9999.0 -9999.0 -9999.0 -9999.0 -9999.0 -9999.0 -9999.0 -9999.0 -9999.0 -9999.0 -9999.0 -9999.0 -9999.0 -9999.0
12.283919636915396 22.185593700737858 15.562838412248317 19.877129759866328 15.301302903546423 12.110013376218781 10.706110526783702 3.8436681673213817 9.7698773569139 10.988741938514387 12.616144998857907 14.275611367004492 4.532714210582481 10.172351016285402 15.251218301460002 16.073810214464626 14.112976104839673 13.476157128526783 9.769253939432367 11.348648962134074 12.190473571405287 14.749398928762314 14.114216415139452 13.865690728479722 18.26987118556331 18.662615455804783 16.58690239754805 18.983593065044097 21.394248939856045 19.17850056990595 -9999.0 -9999.0 -9999.0 -9999.0 -9999.0 -9999.0 -9999.0 -9999.0 -9999.0 -9999.0 -9999.0 -9999.0 -9999.0 -9999.0 -9999.0 -9999.0 -9999.0 -9999.0 -9999.0 -9999.0 -9999.0 -9999.0
21.550224212069747 28.039702226003616 17.168642770835042 21.298323638444682 15.332459668819096 10.678980924710338 11.485371105544893 8.692008076032712 7.4672858256520005 13.334419590281195 13.961531925423019 5.610104636738722 9.94522270221244 21.39302604720474 23.114888796401587 21.341085641200024 21.00990068750933 20.449730013372953 18.36464882904643 20.096127795553826 22.634549303623047 21.17626492030353 17.196373086652326 13.57475110084627 16.541839172725705 20.61149823284915 23.145523050688663 25.27772223555295 23.47607822482891 17.06867695019409 -9999.0 -9999.0 -9999.0 -9999.0 -9999.0 -9999.0 -9999.0 -9999.0 -9999.0 -9999.0 -9999.0 -9999.0 -9999.0 -9999.0 -9999.0 -9999.0 -9999.0 -9999.0 -9999.0 -9999.0 -9999.0 -9999.0
25.876277752694286 21.73744019925416 6.0172848640320336 21.32659922717252 16.83276838605692 13.184672265719994 13.390794227414686 12.54869594211431 5.377837093815921 5.159158929886789 1.9419896628244235 12.017034920835407 20.688280329316914 21.466471431056068 15.33433416511632 12.407284353321144 13.605851324820776 9.139625139319914 2.9321098503806287 3.3081189127816755 5.304001651935947 2.318795250496371 3.9724959407506595 8.872973826151895 14.94108720439535 20.410646212916202 18.54079312522761 17.972136422030502 11.09350701429997 6.492565483112628 -9999.0 -9999.0 -9999.0 -9999.0 -9999.0 -9999.0 -9999.0 -9999.0 -9999.0 -9999.0 -9999.0 -9999.0 -9999.0 -9999.0 -9999.0 -9999.0 -9999.0 -9999.0 -9999.0 -9999.0 -9999.0 -9999.0
17.34387124693696 6.635705175904018 12.561462445563933 21.31578689345045 18.325911175431393 13.95315537635413 12.250915757621435 8.84528246984999 2.4044081493583755 0.9072469422956451 8.160524935820368 16.766675056101864 14.62193725825689 9.148326170217409 10.01892314011269 12.454622919065063 12.338544811627347 15.266301980718008 18.286465087500847 17.43418420285177 14.951908829200768 16.32257094601936 19.39991213018158 19.81101488605109 23.55040896615397 30.522875425916812 18.073811911087965 5.111580027958574 8.159769682242194 10.063708397461845 -9999.0 -9999.0 -9999.0 -9999.0 -9999.0 -9999.0 -9999.0 -9999.0 -9999.0 -9999.0 -9999.0 -9999.0 -9999.0 -9999.0 -9999.0 -9999.0 -9999.0 -9999.0 -9999.0 -9999.0 -9999.0 -9999.0
8.831402136876456 7.326631013767886 9.8047205152634 19.512566019716466 20.7825050255481 16.354512021739733 8.58319966978591 3.529342531226718 1.006480703213333 2.77734422325665 10.112483901198077 12.553898881647232 13.559170139901411 16.450912909875004 16.079475770670573 15.68927697183777 14.712832955278069 19.63975828853059 18.778464468821248 15.77071711790464 11.104357495893248 15.809440678928482 14.24742931834127 11.92975630392221 23.789824351538762 30.721711067273986 18.47845138976497 11.246503337377982 9.152339049401995 12.343847778716379 -9999.0 -9999.0 -9999.0 -9999.0 -9999.0 -9999.0 -9999.0 -9999.0 -9999.0 -9999.0 -9999.0 -9999.0 -9999.0 -9999.0 -9999.0 -9999.0 -9999.0 -9999.0 -9999.0 -9999.0 -9999.0 -9999.0
13.81875192704559 9.832622972915749 10.358480173602524 16.541839172725705 20.543378574805875 18.435545641525042 8.21920924889906 0.4774537773095774 0.0 3.3365817282846906 7.96084043389305 11.82811629882105 15.299047666679696 14.388906986847244 15.196769009398174 14.44093920549415 16.12047863445768 15.344451712063444 14.455018591631996 13.729866815391443 8.947284888540457 12.368881699581564 4.194302713637688 14.421604100109743 25.122348060888395 25.28384510383023 12.75633610780289 11.042898010603453 9.040613885447794 16.36283193030584 16.226286071720217 -9999.0 -9999.0 -9999.0 -9999.0 -9999.0 -9999.0 -9999.0 -9999.0 -9999.0 -9999.0 -9999.0 -9999.0 -9999.0 -9999.0 -9999.0 -9999.0 -9999.0 -9999.0 -9999.0 -9999.0 -9999.0
13.98286573896186 9.590434873714988 17.23022618406308 17.93200256558677 18.23359910432467 16.650824432990483 7.62065919140092 0.4774537773095774 0.0 1.8000401824893766 4.630019514431122 6.514578406201861 6.590552727856385 8.965760157820728 11.310995152159697 14.72582024896756 15.820999310618546 9.910912702038013 15.65641151258732 12.008587536203596 12.627425191920588 4.321270375247738 15.729697070423653 18.54079312522761 20.516459019553242 17.55157760093208 9.799129734822365 9.039258808790404 12.627894952484107 16.362831930305838 15.337332789202538 -9999.0 -9999.0 -9999.0 -9999.0 -9999.0 -9999.0 -9999.0 -9999.0 -9999.0 -9999.0 -9999.0 -9999.0 -9999.0 -9999.0 -9999.0 -9999.0 -9999.0 -9999.0 -9999.0 -9999.0 -9999.0
14.275611367004492 10.160408198552636 17.03706104184104 15.471551459801587 16.635551481503075 12.425957157871247 3.2192500526566454 5.2470325314481805 4.130856233276415 1.638153910517085 0.45014889590805335 0.11253939479319922 5.199070619244107 8.611787151881714 2.8201975109296358 9.001908909303232 8.549479836666997 12.572798147610987 13.93260810342564 10.521500463458986 4.836829008196999 15.602551820781565 17.875622644135607 10.160408198552636 13.780557393111689 13.458697532160969 7.921202463386917 9.121525428616778 13.487927658460874 13.279101049108078 12.454622919065063 -9999.0 -9999.0 -9999.0 -9999.0 -9999.0 -9999.0 -9999.0 -9999.0 -9999.0 -9999.0 -9999.0 -9999.0 -9999.0 -9999.0 -9999.0 -9999.0 -9999.0 -9999.0 -9999.0 -9999.0 -9999.0
